cost,latency
0.337574552683897,0.0747758596528939
0.344,0.0753867926868864
0.352182902584493,0.0765949299226469
0.343856858846918,0.0738526986520346
0.323713717693837,0.0771361989394085
0.335101391650099,0.0734681638677337
0.344278330019881,0.0759304446366699
0.345304174950298,0.0732265756458165
0.333049701789264,0.0748566734431529
0.336453280318091,0.0775993165787319
0.334592445328032,0.0789339502939784
0.338982107355865,0.0763820104443072
0.337598409542744,0.0753618307280096
0.34810337972167,0.0749155554239331
0.32965407554672,0.078189729911703
0.339355864811133,0.0749333440679726
0.331594433399602,0.0743180129045139
0.339443339960239,0.075482355165478
0.334361829025845,0.0763196913523165
0.338775347912525,0.0741350713119674
0.328763419483101,0.078219384189308
0.347705765407555,0.0724649637750052
0.334019880715706,0.079547001490657
0.334767395626243,0.078728738574302
0.328731610337972,0.0799892267892272
0.338854870775348,0.0809193306566687
0.342823061630219,0.0775120355278643
0.336302186878728,0.0736005196166871
0.321542743538767,0.0760912926156436
0.328469184890656,0.0796046233607652
0.348874751491054,0.071067020530586
0.347125248508946,0.0726957650573174
0.350290258449304,0.0707887714234749
0.344381709741551,0.0759109251791392
0.343491053677932,0.0758976278244988
0.342115308151093,0.0736588671536414
0.331594433399602,0.0821401474496194
0.334226640159046,0.0754211637989915
0.327109343936382,0.081061963417173
0.340405566600398,0.0725944805975808
0.327848906560636,0.0804556491545932
0.342974155069583,0.0765771216659899
0.333383697813121,0.0787023350880415
0.332588469184891,0.077567132273474
0.344453280318091,0.0737635396930449
0.352834990059642,0.0715619890606704
0.333304174950298,0.0766819265905612
0.340373757455268,0.0733501400389919
0.345749502982107,0.0730806234498065
0.349081510934394,0.0751339125004646
0.354369781312127,0.0714158652542575
0.353614314115308,0.0722793352538662
0.354409542743539,0.0731553573286517
0.366425447316103,0.0697826588570531
0.364787276341948,0.0717992183783562
0.361495029821074,0.0721365504955765
0.347061630218688,0.0742234163473324
0.356198807157058,0.0695851058644962
0.345415506958251,0.0752291709834855
0.354584493041749,0.0719837191739911
0.352302186878728,0.0739542625915701
0.356143141153081,0.0737008234455505
0.365669980119284,0.0701839820419029
0.348898608349901,0.075353769942232
0.352469184890656,0.0716973749590219
0.364556660039761,0.0736672221286809
0.359475149105368,0.0706293159403412
0.349017892644135,0.0746218907994956
0.335769383697813,0.075854401615609
0.356779324055666,0.0701274878972989
0.363666003976143,0.0693631253568883
0.348795228628231,0.0742770078245518
0.351872763419483,0.0759676203530722
0.344349900596421,0.0750221941282373
0.356596421471173,0.0743153553948476
0.357304174950298,0.070936331854117
0.358846918489066,0.0716021606043903
0.362147117296223,0.0724387662212282
0.332707753479125,0.0796247066810479
0.358934393638171,0.0708622893200374
0.357328031809145,0.071188530502082
0.359260437375746,0.0729697925485194
0.353749502982107,0.0728201090520369
0.362099403578529,0.0749542952465782
0.358632206759443,0.0700941562539195
0.355252485089463,0.0734686002484723
0.348341948310139,0.0748924517605609
0.355729622266402,0.0722124562283152
0.347308151093439,0.0758242128941781
0.349351888667992,0.0762659723930835
0.349677932405567,0.0721387471087324
0.368580516898608,0.0682696581922835
0.353001988071571,0.0737081634676363
0.352588469184891,0.0750462539067108
0.365479125248509,0.0726574321964847
0.355801192842942,0.072031461188052
0.350115308151093,0.0726628305694416
0.361558648111332,0.070530958663761
0.343013916500994,0.0748438026629424
0.35386083499006,0.0720226943480457
0.334600397614314,0.0726765397890487
0.33744731610338,0.0719870189968793
0.338910536779324,0.0761516651553511
0.333876739562624,0.0740049514014049
0.351761431411531,0.07480260635996
0.338592445328032,0.0775362620135863
0.339300198807157,0.0720175901643508
0.346711729622266,0.0748323685069611
0.335061630218688,0.0777655678338168
0.337693836978131,0.0762665313526813
0.347642147117296,0.0748242243675593
0.343204771371769,0.0776554527930672
0.337145129224652,0.0725973489428848
0.344850894632207,0.072498996569459
0.328874751491054,0.0765608873218843
0.341638170974155,0.0754683958849983
0.339339960238569,0.0762471148613923
0.333892644135189,0.074518958879892
0.341852882703777,0.0748873720926378
0.337916500994036,0.0756304990714897
0.343554671968191,0.0719612382112234
0.333471172962227,0.0847650462362554
0.344119284294235,0.0724424239743851
0.34389662027833,0.0729024428201493
0.327936381709742,0.0789999712675154
0.332063618290258,0.0740167483908093
0.337224652087475,0.0787048455030769
0.330282306163022,0.0753667976233822
0.325717693836978,0.078032696586826
0.337081510934394,0.0745981055976666
0.343149105367793,0.0766214952130014
0.35610337972167,0.0706209854810735
0.337415506958251,0.0772679270846031
0.335419483101392,0.0762116503458636
0.335188866799205,0.0804527170682824
0.339332007952286,0.0774563700163481
0.357614314115308,0.070452503290752
0.338958250497018,0.0750664892247789
0.341900596421471,0.0729827859075891
0.346846918489066,0.0726639877138719
0.333192842942346,0.0749181884178276
0.350544731610338,0.0744069659310203
0.367093439363817,0.0718551535633625
0.322504970178926,0.0763298948165519
0.353534791252485,0.0696365546632577
0.34275944333996,0.0744965024328962
0.344214711729622,0.0739820144452811
0.337558648111332,0.0780206691491664
0.332159045725646,0.0749659892697409
0.355801192842942,0.0706566314133137
0.342751491053678,0.0783300483833467
0.344994035785288,0.0762508412587103
0.341264413518887,0.075893033568858
0.337113320079523,0.0761004762237709
0.317391650099404,0.0828882020986089
0.338385685884692,0.0806813070279755
0.33672365805169,0.0752874106510438
0.339920477137177,0.0755788002118555
0.348349900596421,0.0790366321527093
0.344500994035785,0.0767004850298362
0.349598409542744,0.0761040261075319
0.356819085487078,0.0714813223650424
0.338290258449304,0.0792645356707912
0.351141153081511,0.0753182318793879
0.342385685884692,0.0766709876531709
0.349423459244533,0.0720109610996481
0.355761431411531,0.0726645711892415
0.334099403578529,0.0814674886053144
0.353097415506958,0.0767800092904969
0.340357852882704,0.0773389639850564
0.349701789264414,0.0754697687682207
0.337248508946322,0.0812691805269851
0.342512922465209,0.0838719072495785
0.346584493041749,0.0736924047295043
0.327769383697813,0.0817241098985175
0.345009940357853,0.080117968913413
0.34275944333996,0.0791017068174537
0.343944333996024,0.0793489189574286
0.355037773359841,0.0723338681367239
0.362592445328032,0.0727337252784183
0.34613916500994,0.0762017459740445
0.332333996023857,0.0809254645027804
0.3509662027833,0.0727158679902176
0.360588469184891,0.0728991331909523
0.354147117296223,0.0746769532230248
0.359395626242545,0.0757193344222912
0.340636182902585,0.0769579055372009
0.351419483101392,0.0764091837258031
0.350974155069583,0.0741597635973541
0.336135188866799,0.0777245333349285
0.35362226640159,0.0767423530649667
0.359459244532803,0.0737632945353266
0.348127236580517,0.0748648568077896
0.327944333996024,0.0813419286283122
0.332755467196819,0.077844655713739
0.338258449304175,0.0754074692888475
0.352667992047714,0.0723037774783803
0.346743538767396,0.0778539324817993
0.351021868787276,0.0744710844806633
0.342147117296223,0.0766914926447291
0.330027833001988,0.0772482997576763
0.33293041749503,0.0762545333339479
0.335650099403579,0.0775140409179999
0.331753479125248,0.0764359108202516
0.326290258449304,0.0779403113522635
0.335117296222664,0.0738740028577545
0.320031809145129,0.0797989206588231
0.337741550695825,0.0753705779553984
0.325367793240557,0.0776297749736529
0.332771371769384,0.077776036068388
0.342536779324056,0.0750827235688845
0.337542743538767,0.0754959810314609
0.324071570576541,0.0793070215033719
0.336890656063618,0.0753128138938136
0.331196819085487,0.0780003455743197
0.339467196819085,0.0765281832822637
0.336111332007952,0.0767575822624272
0.344604373757455,0.0747654551593295
0.334361829025845,0.0790560780629245
0.341852882703777,0.0747482990222032
0.330298210735586,0.0807013609293321
0.347848906560636,0.0715373752257535
0.332278330019881,0.0787531709925073
0.335729622266402,0.0833956442534001
0.345471172962227,0.0773086428784576
0.336047713717694,0.078787699005552
0.32913717693837,0.0761712483538885
0.3420675944334,0.075216702261933
0.343626242544732,0.0729778827532232
0.344246520874751,0.0727472972097031
0.353272365805169,0.0715517218554281
0.34244930417495,0.0749235573718583
0.33979324055666,0.0765854129000226
0.322433399602386,0.0786321611427566
0.337224652087475,0.0766832308296226
0.340803180914513,0.075292666832524
0.332890656063618,0.0837496863206995
0.345471172962227,0.0763518609481112
0.33855268389662,0.0760260316310333
0.353439363817097,0.0773664265526598
0.335196819085487,0.0772004302616019
0.341876739562624,0.0768539733741067
0.337129224652088,0.0760785591237553
0.329677932405567,0.0778458520834042
0.324508946322068,0.0798011908192945
0.336174950298211,0.0808623069713931
0.329534791252485,0.0783629485491419
0.346536779324056,0.0729644873354955
0.332986083499006,0.0765880949254608
0.329590457256461,0.0824106446696779
0.330560636182903,0.0794237950277504
0.34634592445328,0.0733085073552709
0.349526838966203,0.0703288653502612
0.337145129224652,0.0759780591687173
0.361940357852883,0.0684464021977115
0.356882703777336,0.0717869310735152
0.333558648111332,0.0755158191940254
0.341980119284294,0.0755865815178342
0.357073558648111,0.0744655929477735
0.361129224652087,0.0704484679947089
0.355705765407555,0.0720674552442521
0.347626242544732,0.0720060677515909
0.335133200795229,0.073071479066914
0.345089463220676,0.0732637758779907
0.356373757455268,0.0744615576517303
0.348803180914513,0.0742169441835694
0.342608349900596,0.0757752647041432
0.335769383697813,0.0783541473870551
0.34227435387674,0.0738865990613205
0.352739562624254,0.0678382541553988
0.3539324055666,0.0727425803752031
0.338027833001988,0.0699639627960414
0.349781312127237,0.0737944001466239
0.352739562624254,0.0675593431224484
0.347260437375746,0.0728037423227635
0.351546719681909,0.0719864502309729
0.344850894632207,0.075555250361436
0.336477137176938,0.0760426680337969
0.36327634194831,0.0716877108417667
0.349359840954274,0.0717125158997038
0.361463220675944,0.0706309781096712
0.360365805168986,0.0715506431614676
0.362298210735586,0.07094786897634
0.354091451292247,0.0801066230142102
0.365304174950298,0.069562845543675
0.348151093439364,0.0721482347124305
0.364795228628231,0.067710649563026
0.343268389662028,0.0731151073344619
0.354520874751491,0.0720455626600083
0.362051689860835,0.0728735191125447
0.347491053677932,0.0719597623617592
0.331888667992048,0.0729663799530808
0.343149105367793,0.0756420803221019
0.344644135188867,0.0747287893709812
0.342250497017893,0.0723047237871729
0.335976143141153,0.0781769817103516
0.349916500994036,0.0713725998201327
0.359228628230616,0.0724202568134969
0.355252485089463,0.0702619520026296
0.34265606361829,0.0713893637049097
0.347029821073559,0.0765151703105766
0.337192842942346,0.0728273608173441
0.346807157057654,0.075525743178462
0.333900596421471,0.0773499960823797
0.323244532803181,0.0743202879681397
0.353280318091451,0.0709753854786415
0.332190854870775,0.076298259664583
0.3410337972167,0.0733677521694742
0.333836978131213,0.0752151528651534
0.321852882703777,0.077478973557975
0.344079522862823,0.0759769902810655
0.336508946322068,0.0767404163189922
0.329168986083499,0.0755935832222687
0.330218687872763,0.0745419644801769
0.34175745526839,0.0725691459989721
0.319141153081511,0.0782704554451834
0.335761431411531,0.0732308659058867
0.338886679920477,0.0757582409521847
0.341487077534791,0.0743871228653014
0.328787276341948,0.0740077658120109
0.33817097415507,0.0776890246910106
0.339769383697813,0.0734222948586406
0.340143141153082,0.0768025883163519
0.324572564612326,0.0779645623537573
0.330163021868787,0.0749550650418136
0.328803180914513,0.0779496322487131
0.351856858846918,0.0738555620941843
0.338322067594433,0.0752344663902007
0.34306958250497,0.0744347030752682
0.339236580516899,0.0734963570053377
0.340222664015905,0.0721167662677101
0.327809145129225,0.0767518749907453
0.336954274353877,0.0756053949211362
0.321049701789264,0.0765351751803895
0.359284294234592,0.0686145215546098
0.331650099403579,0.075252921863234
0.327673956262425,0.0774246711233725
0.323761431411531,0.0827874030511545
0.338497017892644,0.0732968231384169
0.330568588469185,0.0757147156508785
0.309614314115308,0.0827003769643139
0.339729622266402,0.07119163910195
0.323904572564612,0.0806427829441226
0.340834990059642,0.0716981104321768
0.338528827037773,0.0727515923729277
0.339514910536779,0.0733122484620521
0.32627435387674,0.0809549275573652
0.341940357852883,0.0751994627711824
0.338107355864811,0.0753782170699004
0.350147117296223,0.0709956404093271
0.352747514910537,0.0717883824072076
0.345192842942346,0.0768573075190755
0.355530815109344,0.0731977549044537
0.346982107355865,0.0790397652683491
0.347610337972167,0.0755966525969018
0.348994035785288,0.0789095669073167
0.331546719681909,0.0823115028883992
0.354711729622266,0.0696396828757432
0.347061630218688,0.0757830705258937
0.350608349900596,0.078497873550983
0.353312127236581,0.0756665470623878
0.338131212723658,0.0742080694741671
0.341121272365805,0.0753995948229358
0.334990059642147,0.0786404670862525
0.335204771371769,0.076224104357953
0.344381709741551,0.0733838786441837
0.362425447316103,0.0721149766163665
0.355801192842942,0.0740944045496565
0.359196819085487,0.0738381755088028
0.352214711729622,0.0701380296791856
0.356548707753479,0.0754396732067228
0.349542743538767,0.0741028575877834
0.348469184890656,0.0746486914412597
0.342735586481113,0.0752573248958545
0.350433399602386,0.0733967347149311
0.341025844930417,0.0797966112731168
0.333359840954274,0.076252351430255
0.345741550695825,0.0741658729276941
0.354123260437376,0.0766866728439874
0.345256461232604,0.0737457167269248
0.353884691848907,0.0738228531514093
0.351467196819086,0.0710464959264103
0.359045725646123,0.0701396084948915
0.355061630218688,0.0733568965857081
0.350695825049702,0.0722256604230226
0.352970178926441,0.0737792788185595
0.35251689860835,0.078046096907708
0.356986083499006,0.0749286027177008
0.35341550695825,0.0732142344062775
0.346306163021869,0.0759865367226159
0.361669980119284,0.0726224678027014
0.348,0.0770590919338502
0.354003976143141,0.0760513368107158
0.33917296222664,0.0751472686929573
0.350369781312127,0.0769127131634103
0.327300198807157,0.0784677828926395
0.330051689860835,0.0797011321481494
0.351872763419483,0.072343772508543
0.349598409542744,0.0759368824783523
0.345423459244533,0.0742130559821572
0.348,0.0738473689232389
0.348485089463221,0.0753147016082444
0.330425447316103,0.0806705740230685
0.344811133200795,0.073630159184829
0.339530815109344,0.0771963753529413
0.333598409542744,0.0768897320788973
0.352151093439364,0.0759509839503087
0.348906560636183,0.0729279490291607
0.336683896620278,0.0758120530713506
0.335061630218688,0.0756928328729435
0.340294234592445,0.0761056882768619
0.328023856858847,0.0754622375231147
0.332691848906561,0.0791752247140162
0.352477137176938,0.0705127630579091
0.32841351888668,0.0761833640483267
0.333455268389662,0.0746855386463195
0.34965407554672,0.0736824905513764
0.358600397614314,0.070583486156483
0.350926441351889,0.0745777869259742
0.325328031809145,0.0781113480860096
0.328214711729622,0.0825266238830492
0.333614314115308,0.0749047243559388
0.350019880715706,0.0705050307834741
0.34358648111332,0.0729822122385283
0.343435387673956,0.0735962195503082
0.353781312127237,0.0738120269865694
0.350218687872763,0.0743472945423871
0.339848906560636,0.0774166593691386
0.334457256461233,0.0787501310368004
0.352994035785288,0.0709227746322953
0.349208747514911,0.0729394861513837
0.333335984095427,0.0776549134460869
0.351475149105368,0.0706356557189363
0.329256461232604,0.0760775441708016
0.337980119284294,0.0781530298012742
0.340890656063618,0.0752879450948697
0.342536779324056,0.0754358340368543
0.345948310139165,0.0745114129253229
0.338536779324056,0.0737724928529171
0.339292246520875,0.0754871063220586
0.323761431411531,0.0860364782917253
0.344834990059642,0.0740816857672314
0.348151093439364,0.0724347995693461
0.337693836978131,0.0758093661427581
0.349836978131213,0.0718990024728569
0.337009940357853,0.074453835183604
0.353542743538767,0.0719306376248257
0.346703777335984,0.0767004654172187
0.35003578528827,0.0794083893167327
0.327204771371769,0.0762387549831984
0.357614314115308,0.0703744990079448
0.347180914512922,0.0714170420113053
0.344970178926441,0.0705203139156326
0.358202783300199,0.0703878944256724
0.35448111332008,0.0697191482985515
0.364898608349901,0.0670128375368239
0.371666003976143,0.0675548077046599
0.361948310139165,0.0693648512672251
0.364039761431412,0.068368971583965
0.350043737574553,0.0699597509864411
0.345057654075547,0.0726575743879613
0.367904572564612,0.0684860589102229
0.363236580516899,0.0744871423112116
0.355300198807157,0.0699267233386323
0.370783300198807,0.0641888608766232
0.345701789264414,0.0724331324968617
0.352143141153081,0.0738450350217607
0.34596421471173,0.072600594831075
0.339244532803181,0.0728226439828441
0.354592445328032,0.0697417126149434
0.34172564612326,0.0728114598877354
0.353121272365805,0.0700534453632193
0.356373757455268,0.0697702734891249
0.33958648111332,0.0738571507161989
0.342043737574553,0.0694354321743224
0.354059642147117,0.0698210309431208
0.35448111332008,0.0691167418500013
0.345662027833002,0.0706900366040086
0.362560636182903,0.0707593574004338
0.343188866799205,0.0758116019811489
0.341415506958251,0.0756833550755542
0.351236580516899,0.0709690898284357
0.343141153081511,0.072422242591015
0.339332007952286,0.0783468612996674
0.339801192842942,0.0731258648551407
0.343133200795229,0.0734649964300133
0.353041749502982,0.069114231434966
0.352437375745527,0.0700171620209116
0.35003578528827,0.0711076137455814
0.361256461232604,0.0680066284763242
0.34944731610338,0.0731259580150737
0.341677932405567,0.0755827521542744
0.348675944333996,0.0689870338044055
0.344389662027833,0.0729855905118864
0.355912524850895,0.0713073829639117
0.346497017892644,0.0706098062891192
0.339284294234592,0.0753356822057762
0.3389662027833,0.0725499403433208
0.340580516898608,0.0724559125520458
0.339642147117296,0.0807849302923447
0.347817097415507,0.0710134584722928
0.339809145129225,0.0736201322341507
0.34996421471173,0.0750083721360798
0.343713717693837,0.0755384717671959
0.350910536779324,0.0749330645881738
0.339236580516899,0.0748280046995754
0.354417495029821,0.0703231678848881
0.356055666003976,0.0695173540774681
0.346091451292246,0.075976661769723
0.333145129224652,0.0759690716867645
0.370592445328032,0.0666602271905994
0.34410337972167,0.0767182344486408
0.335499005964215,0.0747693335544329
0.348938369781312,0.0731357692269599
0.349662027833002,0.0776554331804497
0.342751491053678,0.0753608942255257
0.334489065606362,0.0786216585861048
0.362393638170974,0.0710717716871666
0.353495029821074,0.0704221282494552
0.336644135188867,0.0779742019552407
0.35475944333996,0.0715473629511968
0.340644135188867,0.0753361283928235
0.351681908548708,0.0731955141629085
0.352850894632207,0.0734260359654218
0.338632206759443,0.0770375278609489
0.352922465208748,0.0715021558679432
0.345773359840954,0.0718916232255362
0.340715705765408,0.0739988273616018
0.36213916500994,0.0708891929280432
0.357153081510934,0.071128471764254
0.343347912524851,0.0755977852255603
0.355530815109344,0.0705720520005017
0.357439363817097,0.0721884699971572
0.343538767395626,0.0746149430297591
0.346640159045726,0.0724225318771226
0.34144731610338,0.0757893906918714
0.344357852882704,0.0788276793262517
0.342910536779324,0.0737466336167912
0.341280318091451,0.0775726581284444
0.349161033797217,0.0739015683915997
0.354823061630219,0.0702253254395163
0.33455268389662,0.0753619484037144
0.359554671968191,0.0717055141952693
0.345423459244533,0.0725584277035282
0.358727634194831,0.0706637066650637
0.350457256461233,0.0740386851034423
0.346624254473161,0.078367518289011
0.343769383697813,0.0766198722689062
0.334799204771372,0.0772632837974185
0.337900596421471,0.0745357423772866
0.353773359840954,0.0739960031446871
0.341065606361829,0.0734054083950044
0.357836978131213,0.0724433212516341
0.341328031809145,0.0739870990163586
0.338194831013917,0.0764552537642252
0.345558648111332,0.0724069251367759
0.345844930417495,0.0749592180135615
0.339085487077535,0.0785793492670814
0.344874751491054,0.0746622731788532
0.348771371769384,0.0731617167198643
0.3389662027833,0.0728623497268992
0.362624254473161,0.0729086109883416
0.332755467196819,0.0754437428248465
0.350473161033797,0.0740083149652999
0.361407554671968,0.0696309797767437
0.346608349900596,0.075484860677359
0.352580516898608,0.0736885263344008
0.340683896620278,0.0776593704134055
0.328437375745527,0.0786212663337556
0.365232604373757,0.0711543015814536
0.341399602385686,0.0766858932424432
0.343196819085487,0.0785503127869265
0.338218687872763,0.0723768344784324
0.33682703777336,0.0745897849447076
0.353924453280318,0.070373028061635
0.339697813121272,0.0758637666404479
0.362926441351889,0.0704584017854542
0.352739562624254,0.0730350829520559
0.344095427435388,0.0744977233183333
0.354878727634195,0.072243836416257
0.330894632206759,0.0769713499864722
0.348198807157058,0.077997173233445
0.344747514910537,0.0795279429296367
0.341510934393638,0.0735536209451772
0.350536779324056,0.0719337020963044
0.353709741550696,0.0722219291225501
0.335658051689861,0.0767157730651491
0.340866799204771,0.0768875060468151
0.348151093439364,0.075693362413615
0.351419483101392,0.0726273660539129
0.349797216699801,0.0739903841297837
0.343840954274354,0.0757289642174659
0.349248508946322,0.0703253399822722
0.355801192842942,0.0710328063194207
0.333884691848907,0.0771159145897967
0.336333996023857,0.0751059351016527
0.361025844930418,0.0682282804725896
0.348660039761431,0.0726529703260117
0.343085487077535,0.0720807722115099
0.33651689860835,0.0751938780783597
0.340151093439364,0.0774245779634395
0.357200795228628,0.0722341526863843
0.358266401590457,0.0703246535406609
0.354226640159046,0.0705652022938525
0.346536779324056,0.0700876252523041
0.34358648111332,0.0734206228830018
0.343562624254473,0.0776227732692184
0.343021868787276,0.07343038016019
0.351061630218688,0.0718746337956583
0.345296222664016,0.0735283795065014
0.356270377733598,0.0730186819007019
0.349972166998012,0.0723746133495046
0.3659324055666,0.0690242095208079
0.357924453280318,0.0719615912383377
0.340675944333996,0.0726068414497372
0.349073558648111,0.0724657188607776
0.339085487077535,0.0744283976187537
0.353351888667992,0.0713822345184617
0.345248508946322,0.0729281157364092
0.339530815109344,0.0762146412700268
0.341765407554672,0.0741015141234871
0.35413916500994,0.0706669427469452
0.342854870775348,0.0759672771322666
0.352254473161034,0.0721117013092501
0.368333996023857,0.0690626306384191
0.366178926441352,0.0682982582916998
0.339530815109344,0.0731436878212608
0.349097415506958,0.0722240423820818
0.326099403578529,0.0795103062833825
0.354568588469185,0.0689757467430552
0.350155069582505,0.0701043106866113
0.342401590457256,0.0730942002842457
0.3459324055666,0.0758334210180772
0.346982107355865,0.0709200533816222
0.341328031809145,0.0736142631583747
0.368644135188867,0.0689592574349226
0.365288270377734,0.07091318896551
0.349892644135189,0.0695939217360461
0.36637773359841,0.0673354503846378
0.344151093439364,0.072664056358033
0.346473161033797,0.0719416844316121
0.331355864811133,0.0730122097369389
0.348572564612326,0.074903292634864
0.34551888667992,0.073397926181442
0.359117296222664,0.0695322155383511
0.352628230616302,0.0698875226194769
0.345407554671968,0.0739965228790499
0.354974155069583,0.0683227005162139
0.333972166998012,0.0792081542987376
0.336151093439364,0.0741061034759736
0.353996023856859,0.0741452600667398
0.350520874751491,0.0754799624261475
0.365009940357853,0.0770820632120545
0.343880715705765,0.0781916666576775
0.345972166998012,0.0747380710421959
0.353383697813121,0.0777029986809534
0.357113320079523,0.0725052431881212
0.347801192842942,0.07909091007154
0.347514910536779,0.0748346631832043
0.354417495029821,0.0764925373500236
0.34441351888668,0.0776183113987454
0.361685884691849,0.0732523858503987
0.345900596421471,0.0760956711324924
0.350695825049702,0.0772104670185889
0.344421471172962,0.0746798755030269
0.346711729622266,0.0742527519199036
0.347562624254473,0.0740534975327817
0.358353876739563,0.0751912254718477
0.341455268389662,0.076468021578194
0.347268389662028,0.0797312865474998
0.347141153081511,0.0774948597781205
0.351578528827038,0.0738499332729722
0.350043737574553,0.0819355437210843
0.357614314115308,0.0730827170967207
0.347308151093439,0.0766870601931823
0.357709741550696,0.0748666562654419
0.359594433399602,0.0744021265176611
0.360755467196819,0.0750581734749744
0.343952286282306,0.0822075609189963
0.342361829025845,0.0789780345548823
0.346027833001988,0.0751079012665534
0.352548707753479,0.0758823741112665
0.348278330019881,0.0773965858551645
0.354958250497018,0.075706600930403
0.346528827037773,0.0753970157637394
0.344222664015905,0.078408562594208
0.347992047713718,0.0758930629877842
0.348159045725646,0.0753540003904872
0.347833001988072,0.0804611308811743
0.37148310139165,0.0700627907754407
0.352819085487078,0.0719550504304136
0.363753479125249,0.0713745267597985
0.349415506958251,0.0736852412209757
0.352389662027833,0.0743980225774568
0.368707753479125,0.0711810728042915
0.359666003976143,0.0761331606507741
0.349630218687873,0.0764027213683488
0.36555069582505,0.0758463506361402
0.350401590457256,0.0741098592922179
0.359411530815109,0.0717546634146332
0.355300198807157,0.071023014720152
0.338155069582505,0.0746333641807118
0.35282703777336,0.072838481171446
0.351133200795229,0.0739649955964771
0.350735586481113,0.0758264438294146
0.340556660039761,0.0780018704553275
0.349566600397614,0.0768150815536763
0.33865606361829,0.0770734483698336
0.343833001988072,0.0780597129673821
0.334679920477137,0.075113912533806
0.355117296222664,0.0714168949166743
0.353009940357853,0.0768123750124663
0.340548707753479,0.0737468199366571
0.339029821073559,0.074987832822441
0.357192842942346,0.0714895988896121
0.326894632206759,0.0778003115856536
0.355284294234592,0.0767031572489656
0.342791252485089,0.0768978418962185
0.332262425447316,0.0823478254559419
0.332326043737575,0.0788998243395917
0.335920477137177,0.0753496856146452
0.355157057654076,0.0707161213852353
0.343984095427435,0.0766241085942784
0.33334393638171,0.0774158307360507
0.346226640159046,0.0801817687580222
0.348214711729622,0.0769804208220491
0.334115308151093,0.0767134734857515
0.335729622266402,0.0744649849566321
0.338608349900596,0.0761601917407934
0.352683896620278,0.072077570451709
0.332524850894632,0.0753711320118417
0.357884691848907,0.0723175504389941
0.331745526838966,0.0798995186769485
0.321510934393638,0.07603491124359
0.334703777335984,0.0746273382039961
0.326234592445328,0.0780304950705157
0.356182902584493,0.0731872915730368
0.348636182902584,0.0729020505678
0.343666003976143,0.078124660150113
0.352023856858847,0.0746521040366983
0.344850894632207,0.0746281717402383
0.346131212723658,0.0718115841336671
0.335284294234592,0.0777661169871058
0.352270377733598,0.0734366561977783
0.354512922465209,0.071215022245121
0.322178926441352,0.0770970276391792
0.342019880715706,0.0752737847850609
0.33958648111332,0.0748084067915748
0.339506958250497,0.0746405865270928
0.342632206759443,0.076443285164418
0.348644135188867,0.0728337153054023
0.35651689860835,0.0731632416008721
0.361479125248509,0.0708145571122853
0.352461232604374,0.072853195537698
0.355602385685885,0.0708798720315936
0.339165009940358,0.0770561206223044
0.352755467196819,0.0730352202403781
0.348222664015905,0.0738722916568808
0.358918489065606,0.07389599840824
0.354202783300199,0.0723574375997608
0.361216699801193,0.0716126778705051
0.346043737574553,0.0718853128658673
0.33796421471173,0.0760221728485474
0.360572564612326,0.0713787925040968
0.367395626242545,0.0688898140596382
0.354942345924453,0.0736392643424865
0.35251689860835,0.0729893855533656
0.348779324055666,0.0752198746028077
0.343904572564612,0.0738890702511209
0.36451689860835,0.0727190207184749
0.356174950298211,0.0737272024160391
0.349471172962227,0.0768731349013686
0.341463220675944,0.0752150302862942
0.377662027833002,0.066754622718452
0.358353876739563,0.0697337155701726
0.360994035785288,0.0719867395170805
0.361463220675944,0.071158165267094
0.36820675944334,0.0708858391704569
0.349630218687873,0.0727951127710795
0.346727634194831,0.0726266109681406
0.354934393638171,0.0686947665789623
0.346791252485089,0.0724298326739735
0.370767395626243,0.067763686983802
0.348938369781312,0.0714707364547664
0.34982902584493,0.0798883394849942
0.363165009940358,0.0708488252581486
0.342393638170974,0.0778423316185695
0.366051689860835,0.0702955140942643
0.340660039761431,0.0769802590179551
0.352548707753479,0.0754944806662249
0.355745526838966,0.0723120981313392
0.351427435387674,0.0732156023863456
0.355093439363817,0.0720001692568887
0.352333996023857,0.0702310915490506
0.354600397614314,0.0710677118753516
0.374783300198807,0.0676733463646101
0.349566600397614,0.0721608064002247
0.355395626242545,0.0724072389386554
0.358123260437376,0.0710955961142306
0.354059642147117,0.07745937074682
0.330091451292247,0.0798904086161367
0.349256461232604,0.0768302028817407
0.34237773359841,0.0758651787489052
0.337701789264414,0.0791508903588981
0.333017892644135,0.0770909624372286
0.342592445328032,0.0762875266596761
0.340238568588469,0.0818290275956392
0.339101391650099,0.082704946704183
0.332079522862823,0.0799706291247173
0.337073558648111,0.0800982190076271
0.340159045725646,0.076066977873143
0.332286282306163,0.0778957318727686
0.329200795228628,0.0831809302205625
0.337542743538767,0.0786525386523013
0.331554671968191,0.0796700167305433
0.349773359840954,0.0753732109492929
0.331316103379722,0.0830362234257614
0.34665606361829,0.0782443412450305
0.342902584493042,0.0769845296654078
0.33762226640159,0.0791196572655873
0.348739562624254,0.075587557245553
0.324023856858847,0.0866213804791892
0.34831013916501,0.0776717901034144
0.347188866799205,0.075616554500473
0.345566600397614,0.0772704767248733
0.334807157057654,0.079466776078922
0.343872763419483,0.076120456577812
0.325940357852883,0.0779624049658363
0.346298210735586,0.0760108220461903
0.33662027833002,0.0753606539709618
0.342115308151093,0.0796855597298833
0.330433399602386,0.0797599013563792
0.343522862823062,0.0750004339291614
0.347697813121272,0.0791788432419382
0.342107355864811,0.0767858979788903
0.335880715705765,0.0758305379633101
0.344906560636183,0.0779710149049028
0.338123260437376,0.0808155455882054
0.338194831013917,0.0810029490512249
0.339737574552684,0.0788876939356904
0.343347912524851,0.082483044647045
0.352230616302187,0.0777788161569135
0.349335984095427,0.0742007343552357
0.338019880715706,0.0765030742287559
0.330115308151093,0.0780425519271015
0.335475149105368,0.079931845173683
0.326290258449304,0.0840029979847055
0.338902584493042,0.0767318259925431
0.340795228628231,0.0772808468963572
0.320962226640159,0.0826978077114262
0.343045725646123,0.0771523940582791
0.342679920477137,0.0761230307338541
0.344389662027833,0.0737855695656109
0.341391650099404,0.0797009360219748
0.346075546719682,0.077457159424201
0.356318091451292,0.0729036146740427
0.359029821073559,0.0702528517481265
0.35086282306163,0.07537810429735
0.357375745526839,0.0744875051446347
0.341383697813121,0.0823850158818073
0.351149105367793,0.0721022676402501
0.363522862823062,0.0725156721974575
0.354250497017893,0.0719969184655441
0.361161033797217,0.0736931745247397
0.327467196819085,0.0785244780665725
0.342974155069583,0.0740847208197839
0.348326043737575,0.0723374278267935
0.357272365805169,0.0720258323668399
0.349948310139165,0.0755124065985867
0.35355069582505,0.0705629860680791
0.342664015904573,0.0748032192542557
0.366425447316103,0.070812355595975
0.35475944333996,0.0743702020795847
0.340341948310139,0.0817004276629301
0.351650099403579,0.0754701512142613
0.343045725646123,0.0716906527343862
0.341184890656064,0.0792834961687242
0.328246520874751,0.0792179017696171
0.339125248508946,0.0767097617978965
0.33448111332008,0.0780913334098879
0.357439363817097,0.0744701087529445
0.348469184890656,0.0749138834482943
0.335236580516899,0.0793558912429369
0.360485089463221,0.0756835708143463
0.367101391650099,0.0735942975137967
0.338051689860835,0.0758511017927207
0.355244532803181,0.0739152285796631
0.364898608349901,0.0727918031418825
0.35210337972167,0.0757884051578438
0.358401590457256,0.0740674617164159
0.341192842942346,0.0794092669813642
0.356795228628231,0.0737713455147954
0.350918489065606,0.0772719770901093
0.3530337972167,0.0749115446436618
0.343904572564612,0.0751296075309313
0.348190854870775,0.0751089309289703
0.36686282306163,0.0704705861240535
0.342489065606362,0.0801390573803407
0.343021868787276,0.0745597286084446
0.337431411530815,0.0730294786466156
0.351475149105368,0.0743824158371102
0.352349900596421,0.0734869870773444
0.345495029821074,0.0792550578734019
0.340914512922465,0.0798624361204791
0.346560636182903,0.083669750195072
0.326926441351889,0.084047665720979
0.329487077534791,0.0845747401058513
0.347260437375746,0.0747423514959573
0.324787276341948,0.0789109986283916
0.336914512922465,0.082289404371672
0.328866799204771,0.0825773470149645
0.333797216699801,0.0767386707960379
0.334504970178926,0.0809930005510165
0.338846918489066,0.0836290785296068
0.351427435387674,0.0765247461710532
0.342775347912525,0.0759496797112474
0.337566600397614,0.077709412006864
0.333359840954274,0.077677693501271
0.340445328031809,0.0777329128257398
0.332166998011928,0.0855822892965023
0.325288270377734,0.0800676870653905
0.327801192842942,0.0796054568970074
0.350385685884692,0.0746401893715892
0.331737574552684,0.0771597242740561
0.332787276341948,0.0860190917063438
0.33382902584493,0.0787476941690806
0.340365805168986,0.0796609704107382
0.345566600397614,0.0771811118334002
0.345232604373757,0.0778643467816724
0.34144731610338,0.07693950890202
0.343992047713718,0.0780728975494721
0.351157057654076,0.0726696361477015
0.338266401590457,0.0786057870754224
0.32627435387674,0.0785632031797544
0.340890656063618,0.0761468306451463
0.344556660039761,0.079044413458688
0.328477137176938,0.0762017410708901
0.338767395626243,0.0741751104705194
0.330528827037773,0.0763973671237812
0.332230616302187,0.081765281685728
0.332779324055666,0.0793915371751771
0.349320079522863,0.0817759656590913
0.350083499005964,0.0769258585202653
0.335188866799205,0.0784004478737324
0.329184890656064,0.0767144099882354
0.342091451292246,0.0749345453407923
0.33355069582505,0.0822288847373336
0.345017892644135,0.074214821117729
0.337471172962227,0.0759955585266492
0.335944333996024,0.0780219145503754
0.337129224652088,0.0807175168229678
0.338648111332008,0.0791564505359491
0.348151093439364,0.0734848100768059
0.346576540755467,0.0798479718150997
0.336254473161034,0.080296978176158
0.330735586481113,0.0832603319023641
0.341208747514911,0.0777805861956396
0.332986083499006,0.0804592382635891
0.353789264413519,0.0781422869900585
0.342075546719682,0.0830099572278232
0.336485089463221,0.0829773855733705
0.346568588469185,0.0779672100571149
0.342290258449304,0.0780463420654263
0.340278330019881,0.0813210019654785
0.345065606361829,0.0792326112327148
0.339697813121272,0.0797116886394992
0.357153081510934,0.0752421055047028
0.352397614314115,0.0792102871708868
0.342314115308151,0.0821666146768865
0.340811133200795,0.0850787745683582
0.360906560636183,0.0786584959848559
0.357351888667992,0.0751725591631767
0.354767395626243,0.0728934945634315
0.35610337972167,0.0768857065891628
0.346258449304175,0.0791784068611996
0.333709741550696,0.0801740364835871
0.342083499005964,0.0780507009696576
0.342576540755467,0.0761307728145979
0.349876739562624,0.0804126239750324
0.341669980119284,0.0905953870927599
0.337471172962227,0.0821052418936884
0.352898608349901,0.0753245618516743
0.356508946322068,0.0773343108915631
0.350536779324056,0.0773434895965361
0.342337972166998,0.0797742921144432
0.356262425447316,0.0778846066155124
0.344994035785288,0.0805608561378226
0.342059642147117,0.0833256860469073
0.350163021868787,0.076824270064958
0.350727634194831,0.0787221879600691
0.343220675944334,0.0779332753257484
0.352397614314115,0.0756476699180791
0.338998011928429,0.0877373089939443
0.353463220675944,0.0773252939906842
0.34544731610338,0.080050501509338
0.338043737574553,0.0841679646133466
0.357534791252485,0.0758170739014213
0.355053677932406,0.0759957399433607
0.339491053677932,0.0823341946868046
0.349510934393638,0.0821913805095888
0.352047713717694,0.073548781531818
0.335944333996024,0.0785777998703018
0.343785288270378,0.0745469117629321
0.341455268389662,0.0755326321103461
0.350918489065606,0.0773479465638547
0.335443339960239,0.0767649026718955
0.333916500994036,0.0774120896292696
0.359634194831014,0.0702866197722446
0.340190854870775,0.0790991326614116
0.339578528827038,0.0711484668277582
0.34368986083499,0.0727991137450421
0.338870775347913,0.0774481229107046
0.348834990059642,0.0730375737544738
0.340508946322068,0.0746629252983839
0.353781312127237,0.0729238009605672
0.337669980119284,0.0786579566378757
0.339833001988072,0.0720556337390759
0.349733598409543,0.0724047726520093
0.347618290258449,0.0786241248727509
0.347984095427435,0.0747005962333772
0.356421471172962,0.0711969148960477
0.362854870775348,0.0721672540482159
0.343809145129225,0.0782527550579224
0.353407554671968,0.0764186811358098
0.342711729622266,0.0790590395681615
0.353972166998012,0.0776219348298218
0.339522862823062,0.07647423877793
0.341924453280318,0.0810713088293945
0.338775347912525,0.0753259886695948
0.343077534791252,0.0767268149687811
0.336874751491054,0.0777093874910922
0.348421471172962,0.0723695974225883
0.342950298210736,0.0757652230440018
0.351419483101392,0.0731495912191174
0.343037773359841,0.0745484856754836
0.353709741550696,0.0701472181904673
0.352660039761431,0.0720154965174366
0.348333996023857,0.0763740722373888
0.343491053677932,0.0731235064378907
0.343085487077535,0.0795988033165328
0.339578528827038,0.0746690493381869
0.341916500994036,0.0789361910355237
0.347618290258449,0.0751754422179438
0.355745526838966,0.0704590195829044
0.351212723658052,0.0743941196665816
0.347029821073559,0.0719573254940394
0.335427435387674,0.0750363299222742
0.33803578528827,0.0755099059898601
0.349192842942346,0.073186663969278
0.340151093439364,0.0772705355627257
0.342218687872763,0.0804147617503359
0.349049701789264,0.0740423428565993
0.341399602385686,0.0764378965977698
0.331403578528827,0.0734444424069114
0.337280318091451,0.0827998423537808
0.338258449304175,0.0773639504597051
0.329988071570577,0.0793373524162794
0.328628230616302,0.076820063158512
0.34748310139165,0.0752641844088125
0.324739562624254,0.0803424009982038
0.34203578528827,0.0762418930019925
0.330544731610338,0.0776266026327782
0.360198807157058,0.0749460236251629
0.333097415506958,0.0771560959398254
0.338719681908549,0.0762439180047457
0.343992047713718,0.0758136711122914
0.325630218687873,0.0836251118777248
0.356389662027833,0.075323311547311
0.328882703777336,0.0823670507242106
0.355324055666004,0.0730118370972071
0.340978131212724,0.0800119725223307
0.334425447316103,0.0835005913694481
0.336453280318091,0.0811266115074876
0.333590457256461,0.0790716897064256
0.355856858846918,0.0713717172523468
0.346735586481113,0.082841867289851
0.337391650099404,0.0807538148747386
0.346059642147117,0.0706280018949711
0.341328031809145,0.0748688430722891
0.325272365805169,0.0799040491915826
0.339912524850895,0.0771120705167739
0.344604373757455,0.0748923487943192
0.342934393638171,0.0740633920982922
0.331809145129225,0.0727505578073565
0.34810337972167,0.0734972837015128
0.334870775347913,0.0792158424447834
0.349471172962227,0.0753783494550683
0.341001988071571,0.0762746117510763
0.339300198807157,0.0780151629068135
0.34872365805169,0.0764528365091228
0.338337972166998,0.0822030941453689
0.335514910536779,0.0774129427781292
0.336055666003976,0.0764305222536035
0.33117296222664,0.0760650362240141
0.328286282306163,0.0762875609817567
0.338791252485089,0.075874676158912
0.344500994035785,0.0742204303263236
0.338838966202783,0.0756609035317127
0.342194831013917,0.0783448264906055
0.347324055666004,0.0753699454484852
0.349407554671968,0.0740645492427225
0.330115308151093,0.0782672536853824
0.345359840954274,0.0751563689474604
0.355697813121272,0.0731634867585903
0.357129224652087,0.0730473261285076
0.336166998011928,0.0778194927255331
0.334298210735586,0.0792099439500812
0.337685884691849,0.0759038842494698
0.355355864811133,0.0734797156994198
0.341161033797217,0.0763492426636798
0.336111332007952,0.0770025683703199
0.345844930417495,0.076219588552782
0.348691848906561,0.0758626193023262
0.347681908548708,0.0737840152656769
0.339196819085487,0.076411890267013
0.345614314115308,0.0738962386628039
0.351753479125249,0.0748969136310339
0.329041749502982,0.0868729270076235
0.335300198807157,0.0796498059282471
0.341399602385686,0.0745661174185834
0.351506958250497,0.0729415062509825
0.338576540755467,0.075929307104857
0.356127236580517,0.0720731968380146
0.341813121272366,0.0775393657102999
0.347371769383698,0.0730148182150616
0.34524055666004,0.0769052897877003
0.348485089463221,0.0769197099646904
0.33968986083499,0.0810964914302178
0.338934393638171,0.0747644696253019
0.340652087475149,0.0795359399744075
0.34882703777336,0.0748548102444938
0.342027833001988,0.0757765248148152
0.348119284294235,0.0745365759135288
0.34737972166998,0.075962874099646
0.341876739562624,0.0779474797639465
0.354926441351889,0.0768070452836705
0.324055666003976,0.0786403641200108
0.346115308151093,0.0747078087734495
0.342974155069583,0.0763044278327754
0.344214711729622,0.0732321554354849
0.336047713717694,0.0836255923868526
0.338465208747515,0.074360827248437
0.3410337972167,0.077370917842059
0.341821073558648,0.0820655361496333
0.341749502982107,0.0755781088670899
0.348055666003976,0.0736250648074428
0.333813121272366,0.079883284332843
0.336811133200795,0.079547898767906
0.339594433399602,0.0758775690199879
0.352890656063618,0.0729243942422454
0.352755467196819,0.071797781754127
0.345844930417495,0.0753238312816738
0.354528827037773,0.0694555988482294
0.337097415506958,0.0743614891742765
0.370918489065606,0.0692234688110841
0.349685884691849,0.0707582639970103
0.351809145129225,0.0728495868160847
0.365288270377734,0.0711219309563298
0.360238568588469,0.0714564682755616
0.362982107355865,0.0687937220403751
0.355817097415507,0.0721833069756098
0.347888667992048,0.0720243761299932
0.356,0.0704611524550535
0.364318091451292,0.0725004233873795
0.353001988071571,0.0715970613238497
0.369534791252485,0.0702846241884176
0.349884691848907,0.0721518483371982
0.369375745526839,0.0674362984636358
0.366775347912525,0.0721949470640745
0.374019880715706,0.0678473838288281
0.354266401590457,0.0728079688418269
0.33434592445328,0.0822974651574496
0.346043737574553,0.0741486432432523
0.364986083499006,0.0701205646433343
0.357105367793241,0.0746549478662306
0.354584493041749,0.0741395773108297
0.364294234592445,0.0696198741321049
0.362974155069583,0.0684428915391855
0.346807157057654,0.0752109949902511
0.367101391650099,0.0728594617689777
0.346226640159046,0.0726011341780553
0.359594433399602,0.0747515890387827
0.34462027833002,0.0769787586527191
0.361884691848907,0.0681487022772308
0.354974155069583,0.0699846393980025
0.357813121272366,0.0697773928692642
0.347077534791252,0.075637471356998
0.356222664015905,0.0755538578655961
0.362091451292247,0.0717076911958078
0.358019880715706,0.0677393477255297
0.365089463220676,0.0688182966500571
0.360222664015905,0.0773851369897201
0.363133200795229,0.0700992359218425
0.349184890656064,0.0768121102421305
0.354775347912525,0.0793790537441614
0.356087475149105,0.070137284399722
0.343634194831014,0.0745098292064627
0.362743538767396,0.0730152594989545
0.345208747514911,0.0800186800375033
0.358059642147117,0.0726815949411999
0.358592445328032,0.0740507076379475
0.348675944333996,0.0725582070615818
0.353176938369781,0.0734313607910632
0.344445328031809,0.075956348001185
0.341256461232604,0.0748553250757023
0.352453280318091,0.0718870976140564
0.338473161033797,0.0740851424910594
0.333145129224652,0.0793734739544931
0.340349900596421,0.0781596196407419
0.344246520874751,0.0781978397290242
0.362982107355865,0.0725447773217735
0.335713717693837,0.0763477324921351
0.349956262425447,0.0769803717905055
0.35086282306163,0.0741335317214965
0.353638170974155,0.0743067699715529
0.342163021868787,0.0751881953224496
0.363602385685885,0.0757308029003531
0.336214711729622,0.0787045905390499
0.338846918489066,0.0730781718726235
0.345972166998012,0.0759341514213705
0.345463220675944,0.0760603340989772
0.341097415506958,0.0772455588943858
0.34113717693837,0.0727881600981886
0.353256461232604,0.0692188549428258
0.339848906560636,0.076231380639032
0.344787276341948,0.0725043312014091
0.344190854870775,0.0733383724685137
0.346210735586481,0.0727801679565722
0.341153081510934,0.0753801685253381
0.345709741550696,0.0734053936855413
0.339817097415507,0.0749189680193718
0.346051689860835,0.0727040611945045
0.348922465208748,0.0743169440168621
0.341574552683897,0.0773475494083511
0.357081510934394,0.0730880713412883
0.3299324055666,0.0800772040880148
0.350298210735586,0.0730269731347347
0.340294234592445,0.0751724316811632
0.340596421471173,0.0742800771991849
0.33662027833002,0.0846716803708197
0.340596421471173,0.0746448424650824
0.342767395626243,0.0741421269511
0.345328031809145,0.0755968928514657
0.344660039761431,0.0733766562978027
0.347514910536779,0.0741668290427954
0.356063618290258,0.0747025182698886
0.356596421471173,0.0715146638147306
0.356548707753479,0.0719058570826604
0.349248508946322,0.0722987811640814
0.334703777335984,0.0780070236705661
0.357495029821074,0.0721733829911732
0.350266401590457,0.0729067330802194
0.350194831013917,0.0725982805422144
0.335713717693837,0.0772406900621004
0.349407554671968,0.073124957771583
0.336445328031809,0.0780933927347216
0.351856858846918,0.0740702467080957
0.360636182902584,0.0708321398238414
0.337566600397614,0.0778848762890025
0.348978131212724,0.0747586348716065
0.357693836978131,0.0702468698998001
0.341916500994036,0.0742118498061832
0.339475149105368,0.0748699757009476
0.348994035785288,0.0715252203060804
0.338831013916501,0.0754728185302363
0.350942345924453,0.071472580040808
0.340095427435388,0.0780100538199642
0.352302186878728,0.0720611743035094
0.348326043737575,0.0801661816302929
0.345049701789264,0.0753461112151125
0.34172564612326,0.0803859949436711
0.34965407554672,0.0730800105555107
0.348819085487078,0.0726330586161317
0.347856858846918,0.0721174772250931
0.35848111332008,0.0730567303785814
0.35817097415507,0.0728332838278181
0.342441351888668,0.0752787369709705
0.349988071570577,0.0728192313874054
0.355339960238569,0.071832849114152
0.351029821073559,0.0729301064170817
0.350592445328032,0.0734426919808028
0.332691848906561,0.0781755401829681
0.325749502982107,0.0813403105873714
0.356421471172962,0.0719793406571423
0.336333996023857,0.0749935253846598
0.356302186878728,0.0705350527976565
0.348946322067594,0.0723357019164567
0.365821073558648,0.0728707537334824
0.352787276341948,0.0745241660298286
0.335642147117296,0.0737172392063676
0.359920477137177,0.0703378969606033
0.350465208747515,0.0724822670067625
0.354433399602386,0.0712113203635748
0.337717693836978,0.0735358224948289
0.351673956262425,0.0721485436111555
0.349479125248509,0.0775780957266362
0.342306163021869,0.0759468309785608
0.35855268389662,0.0715706725470524
0.350282306163022,0.0742104867292695
0.338664015904573,0.0752364619740276
0.339578528827038,0.0733560728557746
0.352866799204771,0.0715116826968761
0.352811133200795,0.0725381482570708
0.349574552683897,0.071369736377983
0.356127236580517,0.0711862701479194
0.349471172962227,0.0700428349371715
0.34462027833002,0.0763441384799849
0.357868787276342,0.070895836702209
0.35417097415507,0.0702132980018567
0.345558648111332,0.0737945227254831
0.359785288270378,0.0700687333985322
0.341876739562624,0.0737838142363479
0.346703777335984,0.0752306762518758
0.355419483101392,0.0704554696991434
0.338258449304175,0.0733398287053603
0.355387673956262,0.0724047530393918
0.356318091451292,0.0716244699567552
0.368580516898608,0.0737015294997792
0.356278330019881,0.0772756593590381
0.355825049701789,0.0718809245427098
0.354083499005964,0.0717262006035391
0.35003578528827,0.0684969046876803
0.354695825049702,0.0725084596573852
0.345367793240557,0.0722618506053974
0.350640159045726,0.0729928177614217
0.353479125248509,0.0720930546131965
0.360238568588469,0.0694463269833235
0.345876739562624,0.0724740983515889
0.362099403578529,0.0701308759769658
0.361534791252485,0.0710092417595381
0.365383697813121,0.075546566875054
0.351284294234592,0.0754454000910222
0.35548310139165,0.069375662722602
0.339864811133201,0.0739149392935555
0.345168986083499,0.0762551560345523
0.354186878727634,0.0704972102522604
0.351228628230616,0.0786883905170249
0.353988071570577,0.0773739185725309
0.368922465208747,0.0676633194139318
0.339165009940358,0.0786936270858877
0.342178926441352,0.0735424368500685
0.354401590457256,0.0703362691133538
0.35117296222664,0.0729633498036826
0.357176938369781,0.0700508908197947
0.359761431411531,0.070720499902084
0.355292246520875,0.0698024774070002
0.361844930417495,0.0687923442539983
0.35486282306163,0.0707221326524879
0.349304174950298,0.0743934626438966
0.363514910536779,0.0722519217178064
0.3410337972167,0.0713364341535297
0.349542743538767,0.070209120514337
0.343848906560636,0.0723640911802353
0.335196819085487,0.0737320369262439
0.335880715705765,0.0728194226104257
0.341256461232604,0.073571909710962
0.347332007952286,0.0761647614806624
0.3450337972167,0.0782788839675384
0.353836978131213,0.0678028827998031
0.351125248508946,0.0717073921033915
0.339149105367793,0.0709998816378536
0.344604373757455,0.0726538823127238
0.345701789264414,0.0715992481306969
0.354807157057654,0.0711654660639448
0.347355864811133,0.0731014569527072
0.357852882703777,0.0722605414631817
0.345638170974155,0.0733885415439857
0.341089463220676,0.0746721285191287
0.351992047713718,0.0725746718539425
0.332858846918489,0.0777892794883304
0.353614314115308,0.0716992136419091
0.330234592445328,0.0744279955600957
0.34944731610338,0.0711511145311158
0.357542743538767,0.075855460696952
0.34010337972167,0.0777038714424306
0.353017892644135,0.0765136699453406
0.338504970178926,0.0736429711271871
0.33455268389662,0.0757829577533433
0.339658051689861,0.0752940838441358
0.341805168986083,0.0765626622637648
0.336636182902585,0.0791560533804455
0.351435387673956,0.0706898551872971
0.337288270377734,0.0814095039017831
0.330369781312127,0.0839624538012538
0.356278330019881,0.0718155458823947
0.344667992047714,0.0744704274579783
0.341733598409543,0.0776464653111145
0.344707753479125,0.0775063086435649
0.350679920477137,0.0730134747507653
0.352493041749503,0.0770565962282779
0.348540755467197,0.0768855300756057
0.346751491053678,0.0714669806385221
0.346751491053678,0.0740581996578187
0.342918489065606,0.0708770919430681
0.349129224652087,0.0706230546122159
0.340628230616302,0.0783299405139506
0.339435387673956,0.074420871276802
0.339005964214712,0.0747789192212183
0.341057654075547,0.0715923493925041
0.339856858846918,0.0735543711277951
0.336644135188867,0.076105448022298
0.345073558648111,0.073105487345596
0.357280318091451,0.0736746700201628
0.344683896620278,0.0738703402014432
0.345892644135189,0.0742900845372457
0.338831013916501,0.0731394956242779
0.348747514910537,0.0763686199297339
0.333272365805169,0.0836285146668547
0.333256461232604,0.0777099415475355
0.35486282306163,0.079682755125586
0.342059642147117,0.075502374744754
0.33241351888668,0.0802976450051518
0.341479125248509,0.0762352100025918
0.320333996023857,0.0910035845000307
0.337630218687873,0.0782577562753757
0.33386083499006,0.0779833218223613
0.346894632206759,0.0732876003050547
0.339491053677932,0.0786245367377176
0.340341948310139,0.0778813754367852
0.346465208747515,0.0744973114533665
0.34113717693837,0.0750766387543164
0.36041351888668,0.0753984229690424
0.353145129224652,0.0726498175977544
0.344333996023857,0.0753804529082913
0.344469184890656,0.0770227301410726
0.350083499005964,0.0718109222078276
0.349335984095427,0.0817526952884707
0.334202783300199,0.0851045847729403
0.340294234592445,0.0743175422016948
0.335602385685885,0.0813691215224255
0.339212723658052,0.0768551942595438
0.344660039761431,0.0743852400540249
0.347514910536779,0.0732755189326971
0.33189662027833,0.0760658550507933
0.335013916500994,0.0775655436514595
0.340962226640159,0.0758413788376131
0.328803180914513,0.0762550726809281
0.339085487077535,0.0784787806678822
0.349335984095427,0.0752962510383655
0.3460675944334,0.0725148141454434
0.343522862823062,0.0776185271375375
0.329582504970179,0.078565488049689
0.345455268389662,0.0766186955118584
0.337161033797217,0.0823517675920521
0.346568588469185,0.0755671944454714
0.348667992047714,0.0779056901792858
0.347292246520875,0.0751679894233077
0.342027833001988,0.0824808970654327
0.339809145129225,0.0755790845948087
0.344771371769384,0.0750140745046073
0.330155069582505,0.0747968304441169
0.354218687872763,0.0724763292868254
0.350465208747515,0.069764070998852
0.34462027833002,0.0734692278522311
0.349073558648111,0.0750718042441116
0.35334393638171,0.0698810504557139
0.355984095427435,0.0708945324631477
0.345836978131213,0.0719967909835306
0.353900596421471,0.0737829463780252
0.358473161033797,0.0702887722570112
0.34851689860835,0.0773791502382394
0.344445328031809,0.0799098643326606
0.348,0.0734624173708168
0.346417495029821,0.0745417928697741
0.350186878727634,0.0734880118366069
0.340127236580517,0.0776022290524252
0.3500675944334,0.0750415272659021
0.342608349900596,0.0741410629666026
0.352405566600398,0.0699450415233434
0.350600397614314,0.068408701843792
0.352127236580517,0.0702934792852025
0.350902584493042,0.0717574778252392
0.362942345924453,0.0710023037961104
0.351785288270378,0.0702032710511784
0.344469184890656,0.0750173105864888
0.343602385685885,0.0731622266479183
0.362536779324056,0.070719146631479
0.352946322067594,0.0727067334136339
0.352254473161034,0.0743112857767239
0.336453280318091,0.0846051298566112
0.351371769383698,0.0741103545108089
0.340683896620278,0.0704277325548955
0.344771371769384,0.0722681364492945
0.352524850894632,0.0715812094257847
0.347332007952286,0.0746074608161967
0.337328031809145,0.0748068230727147
0.345590457256461,0.0803692359620484
0.344850894632207,0.0758770443824708
0.347093439363817,0.0785138284152897
0.328159045725646,0.0780652535318156
0.361813121272366,0.0679430934020507
0.359093439363817,0.0741806461317986
0.358974155069583,0.0704678697765348
0.346870775347913,0.0728370739661429
0.351666003976143,0.0720562907617609
0.350504970178926,0.0743338206741896
0.351157057654076,0.0757842570892503
0.341351888667992,0.0764022506655297
0.346417495029821,0.0735030252952753
0.343451292246521,0.0726925093628184
0.335769383697813,0.0806870584280467
0.337073558648111,0.0795212158018467
0.344477137176938,0.07666875181478
0.326942345924453,0.0799856131644595
0.336333996023857,0.0809536478340757
0.344739562624254,0.0751489455717505
0.327228628230616,0.0836513682693542
0.339801192842942,0.0782341083618689
0.350990059642147,0.0769828184645341
0.344318091451292,0.0794767000633586
0.342210735586481,0.0762078847233106
0.347491053677932,0.072355711689424
0.332922465208748,0.0760056394120255
0.318178926441352,0.0807791004418036
0.338512922465209,0.0740521491653311
0.332699801192843,0.0795707915956404
0.319650099403579,0.0957232628295692
0.339244532803181,0.0770812689010472
0.337121272365805,0.0763987007817687
0.335713717693837,0.0806059210295997
0.334632206759443,0.0772197241740318
0.328683896620278,0.0786258654925508
0.33375745526839,0.0779927751039787
0.339268389662028,0.0770461230905523
0.345065606361829,0.0748781884845105
0.344230616302187,0.0826162829637842
0.332429423459245,0.0796297716395079
0.331204771371769,0.0805456318435164
0.337574552683897,0.0764355626962916
0.333105367793241,0.081924619493157
0.324978131212724,0.0826354248784287
0.323777335984095,0.0791182206413581
0.320477137176938,0.0832000623288983
0.330648111332008,0.0772658922755412
0.338767395626243,0.0778486861066277
0.353081510934394,0.0732184020874885
0.329662027833002,0.0803744333056763
0.334878727634195,0.0766099433813153
0.339642147117296,0.0780978153799596
0.344461232604374,0.0764718460385994
0.340318091451292,0.0771195331177187
0.330457256461233,0.081877304053526
0.345280318091451,0.0742388514772763
0.334155069582505,0.0786747450384245
0.341145129224652,0.0814389032153611
0.327443339960239,0.0873380990686262
0.345439363817097,0.0752246404688514
0.357463220675944,0.0758324943219021
0.3379324055666,0.0814955003262069
0.330210735586481,0.0800060789307829
0.342990059642147,0.0766972783668809
0.351705765407555,0.0724234095417541
0.352946322067594,0.0728858407394663
0.355976143141153,0.0708416911685462
0.354791252485089,0.0728459682881627
0.353463220675944,0.0749476906976473
0.361996023856859,0.0693779770114627
0.352023856858847,0.0695393594342623
0.33772564612326,0.077373276259309
0.35455268389662,0.0829034460055325
0.345844930417495,0.0738162142803979
0.35682703777336,0.0718113046538682
0.338202783300199,0.0732608977263779
0.364182902584493,0.07019568096822
0.343840954274354,0.0746096721388158
0.354163021868787,0.0711640637617961
0.338711729622266,0.0806087452465144
0.34706958250497,0.0750734320913611
0.351292246520875,0.0727979075690681
0.344787276341948,0.0740956744666373
0.34420675944334,0.0716000032164693
0.33475944333996,0.0775955411498701
0.338457256461233,0.0725721810515246
0.354632206759443,0.0731671690275191
0.355196819085487,0.0708366752416299
0.358624254473161,0.0688477449951787
0.349868787276342,0.0733236630054159
0.344493041749503,0.0719397427824832
0.347562624254473,0.074488152361011
0.358250497017893,0.0734421624401313
0.350624254473161,0.0741133062097371
0.341526838966203,0.0850580685474709
0.34882703777336,0.0738894968255508
0.343618290258449,0.0750389089814707
0.354520874751491,0.0743306532364692
0.352333996023857,0.0710269862751884
0.354592445328032,0.0702327292026088
0.352890656063618,0.0739009064657602
0.376834990059642,0.0707357340026989
0.35875944333996,0.0713422002630641
0.357900596421471,0.0727619233191766
0.36,0.0715986646553274
0.345836978131213,0.0714727222322846
0.351809145129225,0.0700107388886922
0.353638170974155,0.0709014312013405
0.338107355864811,0.076615273110111
0.363077534791252,0.0747158450434552
0.367443339960239,0.0701977451962081
0.354107355864811,0.0722480090006224
0.354990059642147,0.0706838292105814
0.320652087475149,0.0805416308695538
0.335244532803181,0.0735343319359017
0.339037773359841,0.0799554440556461
0.332914512922465,0.0760608195112595
0.335244532803181,0.0759592947969589
0.335332007952286,0.0753550349560584
0.333495029821074,0.0794523559019318
0.331339960238569,0.0781502987442924
0.332111332007952,0.0782151527670903
0.325924453280318,0.0807376785937204
0.32831013916501,0.0786994030017307
0.332922465208748,0.0792813878123469
0.334624254473161,0.0792939693064498
0.343936381709742,0.0755482633664646
0.350218687872763,0.0725501756947304
0.328763419483101,0.0804792725523282
0.325264413518887,0.0805284904158532
0.335236580516899,0.0772409401229731
0.33448111332008,0.075400521519111
0.328890656063618,0.0778072789680076
0.327538767395626,0.0770513204341802
0.34165407554672,0.0774289858992145
0.333813121272366,0.0788729501505121
0.336063618290258,0.0764165139415801
0.334695825049702,0.0770626222049936
0.346282306163022,0.0776756096606654
0.338664015904573,0.075290161320643
0.342544731610338,0.0722590803231806
0.328675944333996,0.0787923128738104
0.344747514910537,0.0749685143942393
0.349948310139165,0.0723275038423569
0.339634194831014,0.0756390109474689
0.340151093439364,0.0779708776165806
0.318823061630219,0.0843727693712107
0.336612326043738,0.0740307468965239
0.329431411530815,0.0758282236744494
0.324015904572565,0.0779516082199226
0.331554671968191,0.0758979220137608
0.324397614314115,0.0792700566226072
0.336795228628231,0.0767267610340831
0.326361829025845,0.0829971943170087
0.336811133200795,0.0747418170521314
0.340540755467197,0.0722276069753058
0.338282306163022,0.0766731891694812
0.33375745526839,0.0747170414131205
0.333328031809145,0.0803217979435582
0.329614314115308,0.0792769161355652
0.328588469184891,0.0774713932813253
0.338608349900596,0.0781482492257674
0.327244532803181,0.0777839742753064
0.342258449304175,0.0754102248616011
0.368771371769384,0.0688940650944735
0.365733598409543,0.0722271509819498
0.357852882703777,0.0719566537618913
0.359840954274354,0.074772804987724
0.3500675944334,0.0753640567600917
0.37013916500994,0.0712205137780109
0.359578528827038,0.0704795294776169
0.356238568588469,0.0752682393174731
0.364508946322068,0.0716720403604132
0.350982107355865,0.0757118718213463
0.36572564612326,0.0720636945248534
0.353248508946322,0.072791636434634
0.373916500994036,0.0674030060454913
0.357121272365805,0.0758599421800425
0.346457256461233,0.074589990877191
0.359522862823062,0.0704015938389708
0.364318091451292,0.0728919647792693
0.357876739562624,0.0758919401654344
0.350990059642147,0.0729049679446477
0.360922465208747,0.0766248783895138
0.358234592445328,0.07172302335951
0.356644135188867,0.0744950609055126
0.338735586481113,0.07803931584522
0.343833001988072,0.0742809401543533
0.357701789264414,0.0740098055242271
0.366155069582505,0.0742042597232248
0.362703777335984,0.0716821653741788
0.365009940357853,0.0695545739222597
0.355244532803181,0.0703160043763595
0.354918489065606,0.0715540067253627
0.362743538767396,0.0750385902764369
0.347554671968191,0.0738366702404124
0.36586083499006,0.0675814367360211
0.360707753479125,0.0712374345637276
0.35117296222664,0.071547392370123
0.347125248508946,0.0733482180024804
0.348588469184891,0.0763615888063732
0.360962226640159,0.0738801318007119
0.357797216699801,0.071033306441166
0.344636182902585,0.0736842752995656
0.36162226640159,0.070765000931109
0.363721669980119,0.0727354168666745
0.348548707753479,0.0740930512790516
0.359864811133201,0.0718713290696157
0.358123260437376,0.0711522471597743
0.365113320079523,0.0696526173969605
0.348691848906561,0.0727170839725004
0.355753479125249,0.0699444727574369
0.363188866799205,0.0726247918978708
0.339546719681909,0.0728119354937089
0.345200795228628,0.0739130613854333
0.345153081510934,0.0752364374582558
0.356898608349901,0.0736802596161399
0.341852882703777,0.0760329744976155
0.347363817097415,0.0717316823301202
0.352548707753479,0.0718465632369134
0.335880715705765,0.0816711411219025
0.343904572564612,0.0788226290772548
0.347825049701789,0.0814517887050348
0.33424254473161,0.0795031182590821
0.343602385685885,0.0727002073151729
0.351053677932406,0.073210743360369
0.335387673956262,0.0752835518685578
0.317924453280318,0.0841007129480637
0.34082703777336,0.0782800116930425
0.3499324055666,0.0794066585032415
0.33662027833002,0.0737991660126676
0.352636182902584,0.0713119281880089
0.341606361829026,0.0739807445283004
0.346640159045726,0.0745266323164747
0.36872365805169,0.075452553793242
0.350799204771372,0.070536371746181
0.350441351888668,0.0714156004839217
0.344023856858847,0.0712719184483831
0.350178926441352,0.0725283811735739
0.333248508946322,0.0853448834652593
0.348246520874751,0.0736717281275432
0.342051689860835,0.0725047675821477
0.357463220675944,0.0680430491069542
0.35475944333996,0.0791347393684168
0.342735586481113,0.0746122561011666
0.339499005964215,0.0824617502476338
0.337216699801193,0.0776703828981114
0.354465208747515,0.0756981478922761
0.349773359840954,0.0790813930489157
0.329669980119284,0.0747877301896138
0.350489065606362,0.0697519454981051
0.340397614314115,0.0768536889911534
0.347833001988072,0.0741661524074929
0.347141153081511,0.0774212193026989
0.345105367793241,0.0730044627530408
0.359085487077535,0.0699182261721162
0.334926441351889,0.0783915829706388
0.35713717693837,0.0728683413815343
0.352970178926441,0.0739758462770888
0.349415506958251,0.0704740379447271
0.339697813121272,0.0764480167083811
0.346703777335984,0.0705804756197023
0.342337972166998,0.0748252736425936
0.352111332007952,0.0718047246207091
0.354974155069583,0.070678558319638
0.342337972166998,0.0710013672936265
0.347602385685885,0.0707522821486838
0.345892644135189,0.0708853537581747
0.355650099403579,0.0698806385907471
0.354290258449304,0.0701269093250838
0.35365407554672,0.0710257359708251
0.345606361829026,0.0713135021005604
0.345153081510934,0.0723703230894344
0.359673956262425,0.0718174777252149
0.35396421471173,0.0735502671875909
0.347673956262425,0.071317610943919
0.348286282306163,0.0710747773207929
0.356318091451292,0.0720208213430779
0.341399602385686,0.0703357346695279
0.360914512922465,0.0697782558244326
0.346147117296223,0.0746254995211089
0.339109343936382,0.0738450105059889
0.341017892644135,0.0725583394467496
0.336461232604374,0.0732808535646472
0.354504970178926,0.0695091707128314
0.347149105367793,0.0720613557202209
0.349121272365805,0.077364940896887
0.346942345924453,0.0738617008434504
0.344023856858847,0.0739388961057873
0.359825049701789,0.0701570980465147
0.337129224652088,0.0713565566990474
0.345741550695825,0.0707004410975731
0.363403578528827,0.0672084881054869
0.343371769383698,0.0757571132266806
0.330831013916501,0.0732678945276581
0.351848906560636,0.0702453989534903
0.34544731610338,0.0736945277953447
0.341304174950298,0.0769229411434176
0.362369781312127,0.0691944666530097
0.364564612326044,0.0676183427789333
0.361113320079523,0.0699243747276911
0.347848906560636,0.0737701491451301
0.351618290258449,0.0748698286063166
0.344540755467197,0.0752302153553654
0.342330019880716,0.0748871122254565
0.339268389662028,0.075507478928449
0.343316103379722,0.0738921053036734
0.33517296222664,0.0774258429772659
0.362592445328032,0.0692515197572115
0.341900596421471,0.0760367695390947
0.366719681908549,0.0666520291164996
0.348174950298211,0.0739508254803596
0.342083499005964,0.0727551422566886
0.332771371769384,0.0754270426810762
0.333359840954274,0.0758486698281552
0.348349900596421,0.0738012155311926
0.349439363817097,0.0799835195175453
0.341924453280318,0.07520682730904
0.33762226640159,0.0818152203129448
0.32872365805169,0.0770229066546298
0.342512922465209,0.0788529599901623
0.346083499005964,0.0769870449835975
0.350648111332008,0.077604209926789
0.354679920477137,0.0759312536571403
0.350226640159046,0.0781950057058007
0.343395626242545,0.0778246116186911
0.336922465208748,0.0757475569788214
0.350974155069583,0.0772550514012382
0.326854870775348,0.0801071231359556
0.338815109343936,0.0768394894561098
0.334846918489066,0.0777549770203864
0.339467196819085,0.0776433223891659
0.333391650099404,0.0759288462083466
0.351403578528827,0.0732365486617968
0.349996023856859,0.081889807097159
0.352994035785288,0.0733387990429435
0.326210735586481,0.0804606405657377
0.358290258449304,0.0716052397853321
0.336834990059642,0.0784392906626191
0.335037773359841,0.0803942959840126
0.338544731610338,0.0768427304411456
0.335650099403579,0.0778162419341885
0.351037773359841,0.0796495117389851
0.350234592445328,0.0756844043505885
0.342051689860835,0.0749480976594597
0.343268389662028,0.0785371919458433
0.347443339960239,0.0797325515613262
0.346640159045726,0.0782289943718652
0.33844930417495,0.0779268472903747
0.361471172962227,0.0705552635999528
0.341391650099404,0.0756728132936675
0.340596421471173,0.0759021436296699
0.350083499005964,0.0715878335873331
0.328755467196819,0.0867696518672143
0.346854870775348,0.0780732113513515
0.351992047713718,0.0762259381376859
0.334409542743539,0.0750868961532499
0.337924453280318,0.073583647862514
0.334592445328032,0.0788161422040287
0.349320079522863,0.0762409417900456
0.332588469184891,0.0755866942903846
0.33168986083499,0.0821960826346257
0.346735586481113,0.0755396730400155
0.341844930417495,0.0795551652426762
0.343912524850895,0.0775266616373378
0.33755069582505,0.0788618984405714
0.332349900596421,0.0854103062539636
0.352071570576541,0.072980265686245
0.335745526838966,0.0817796136059396
0.341741550695825,0.0746234990341276
0.346600397614314,0.0721063519678369
0.358099403578529,0.0695395408509738
0.343960238568588,0.0741698837079654
0.349669980119284,0.0743590817254828
0.337415506958251,0.074989387122375
0.342671968190855,0.0752062046084356
0.347125248508946,0.0790040114667129
0.354314115308151,0.0750388844656989
0.355554671968191,0.07494384172147
0.339324055666004,0.0793954057639718
0.34317296222664,0.0774980370221496
0.339101391650099,0.0744918346299398
0.348500994035785,0.0755976822593186
0.344270377733598,0.0800835144476837
0.340882703777336,0.0752333680836227
0.353399602385686,0.0744886671922194
0.346942345924453,0.0771881331504522
0.351308151093439,0.0753732501745278
0.339339960238569,0.077929141966618
0.330178926441352,0.0791402407076154
0.353749502982107,0.0725304012731727
0.344906560636183,0.0745328936446
0.348739562624254,0.0772349484683379
0.332628230616302,0.0827389206607844
0.335864811133201,0.0752391194836939
0.348938369781312,0.0751695290137786
0.348954274353877,0.0756083368137557
0.339880715705765,0.0758932493076501
0.339403578528827,0.0782417180574448
0.340500994035785,0.0774324083009619
0.347753479125249,0.0735984308729272
0.333717693836978,0.077338409928613
0.3469662027833,0.0743322565679469
0.338735586481113,0.079101294952487
0.346091451292246,0.0726508766790975
0.348962226640159,0.0752665918576061
0.33631013916501,0.07338181931935
0.336007952286282,0.0782120343609135
0.35148310139165,0.0714958307988111
0.337495029821074,0.0778831160565851
0.353749502982107,0.0712249756484838
0.360182902584493,0.0707715858674224
0.343165009940358,0.0795469818780395
0.344803180914513,0.0774882552291896
0.343149105367793,0.0848487528875902
0.331045725646123,0.0798768857163955
0.340811133200795,0.0760279291517729
0.345463220675944,0.0774469167347306
0.352739562624254,0.0764973032160672
0.346640159045726,0.0802440241090061
0.341431411530815,0.0784413205685266
0.346520874751491,0.0728271009501627
0.351029821073559,0.074463523816631
0.357693836978131,0.0735978621070208
0.348437375745527,0.0764846628841119
0.34789662027833,0.0733856830049903
0.353924453280318,0.0734961314602368
0.354560636182903,0.0716008759779464
0.349423459244533,0.0771866523978337
0.349510934393638,0.0753243559191909
0.35424254473161,0.0810980506333061
0.34358648111332,0.0764339348490422
0.345399602385686,0.0791100961145738
0.352294234592445,0.0774599100938003
0.338894632206759,0.0790789659875046
0.336811133200795,0.0761628296378422
0.345892644135189,0.0833735947682166
0.350608349900596,0.0744760219571098
0.347618290258449,0.0781922697456646
0.346465208747515,0.0809377272918496
0.331642147117296,0.080118331746836
0.345805168986083,0.0755105973346257
0.340294234592445,0.078797828922472
0.340787276341948,0.0797472855401957
0.357256461232604,0.0721228805012044
0.341662027833002,0.0742262699831734
0.354107355864811,0.073894498043004
0.339713717693837,0.0766745767621667
0.348095427435388,0.0796694381583281
0.350123260437376,0.0776934081110137
0.353813121272366,0.0721036405234725
0.351570576540755,0.0717645824959154
0.341320079522863,0.0760429818356763
0.353025844930417,0.0715221558346017
0.357876739562624,0.0759947838282594
0.352572564612326,0.0797016322698947
0.337057654075547,0.0782023359215778
0.349765407554672,0.0755075034442208
0.358210735586481,0.0704453152664516
0.332842942345924,0.0772492166475427
0.342314115308151,0.075792347293954
0.347872763419483,0.0745142910769357
0.345876739562624,0.0772843428454201
0.356842942345924,0.0686293143713318
0.362854870775348,0.0694631693185704
0.360763419483101,0.0676020397906667
0.352890656063618,0.0711243678240497
0.36555069582505,0.0695753436841537
0.362250497017893,0.0705713900746623
0.360508946322068,0.0695304356933163
0.356341948310139,0.0722932307933392
0.352397614314115,0.0716795225739756
0.355013916500994,0.0701532539734918
0.348,0.0734127582233989
0.359403578528827,0.0721555992502881
0.351308151093439,0.0705012847735385
0.358099403578529,0.0709079572998015
0.352151093439364,0.0714001114192798
0.355332007952286,0.0704223586977104
0.349685884691849,0.080026275023616
0.354353876739563,0.0702971615541313
0.36248111332008,0.070216396795416
0.357733598409543,0.073709271580523
0.356580516898608,0.0725701560487715
0.373017892644135,0.0691061461334166
0.366664015904573,0.0675533416615045
0.375037773359841,0.0720097549236741
0.356811133200795,0.0704297036229506
0.364564612326044,0.0688053229036049
0.35382902584493,0.0752394578013452
0.359538767395626,0.0705755283369471
0.357868787276342,0.0684656961101413
0.361049701789264,0.0692557953078186
0.358497017892644,0.070459965891697
0.336230616302187,0.0737279133734222
0.359292246520875,0.0705539152325022
0.36258449304175,0.0711628919079027
0.363745526838966,0.0697387216907802
0.353145129224652,0.0710994450904078
0.338290258449304,0.0740416122865988
0.365956262425447,0.069489401194428
0.360119284294235,0.0734222458270969
0.354194831013917,0.0695280723729119
0.354353876739563,0.0690952905496505
0.358703777335984,0.0700789662816939
0.346711729622266,0.0724936570343545
0.354576540755467,0.0741103888328894
0.348214711729622,0.0750163985997768
0.371157057654076,0.0683338551923963
0.354417495029821,0.0706862905940731
0.345113320079523,0.0755695381532583
0.36675944333996,0.0700947446324434
0.36286282306163,0.0695536178071583
