x
17.313
