0,0.153,0.151,0.177,0.344,0.15,0.219,0.147,0.259,0.137,0.127,0.125,0.13,0.13,0.129,0.13,0.13,0.13,0.131,0.129,0.13,0.13,0.126,0.123,0.13,0.13,0.165,0.094,0.047,0.048,0.127,0.066,0.127,0.074,0.065,0.065,0.127,0.066,0.12,0.061
0.153,0,0.361,0.393,0.558,0.297,0.481,0.245,0.534,0.514,0.239,0.129,0.129,0.129,0.13,0.12,0.129,0.131,0.13,0.129,0.132,0.118,0.129,0.131,0.129,0.062,0.185,0.256,0.047,0.048,0.25,0.066,0.244,0.069,0.063,0.062,0.229,0.067,0.223,0.06
0.151,0.361,0,0.636,0.851,0.448,1.228,0.372,0.7,0.4,0.592,0.211,0.2,0.191,0.233,0.2,0.211,0.207,0.201,0.189,0.191,0.202,0.207,0.2,0.2,0.198,0.572,0.433,0.158,0.137,0.429,0.14,0.49,0.174,0.144,0.167,0.632,0.14,9.614,0.205
0.177,0.393,0.636,0,0.425,0.102,0.13,0.291,0.335,0.338,0.255,0.208,0.151,0.157,0.069,0.242,0.168,0.2,0.07,0.24,0.239,0.121,0.149,0.13,0.073,0.138,0.221,0.35,0.358,0.217,0.358,0.131,0.312,0.116,0.108,0.123,0.154,0.071,0.195,0.093
0.344,0.558,0.851,0.425,0,0.201,0.366,0.196,0.376,0.27,0.301,0.126,0.069,0.16,0.069,0.14,0.085,0.123,0.071,0.127,0.069,0.182,0.128,0.07,0.169,0.143,0.233,0.323,0.079,0.061,0.246,0.062,0.189,0.143,0.048,0.103,0.172,0.088,0.216,0.12
0.15,0.297,0.448,0.102,0.201,0,0.949,0.379,0.629,0.388,0.599,0.216,0.222,0.221,0.219,0.217,0.213,0.22,0.22,0.22,0.209,0.21,0.211,0.219,0.219,0.22,0.564,0.636,0.132,0.132,0.52,0.158,0.486,0.149,0.142,0.141,0.788,0.158,0.649,0.133
0.219,0.481,1.228,0.13,0.366,0.949,0,0.257,0.407,0.246,0.301,0.221,0.22,0.219,0.154,0.214,0.213,0.218,0.227,0.202,0.21,0.209,0.209,0.22,0.22,0.22,0.424,0.629,0.133,0.132,0.524,0.157,0.489,0.157,0.141,0.142,0.778,0.158,0.651,0.132
0.147,0.245,0.372,0.291,0.196,0.379,0.257,0,0.719,0.509,0.588,0.148,0.207,0.15,0.209,0.209,0.21,0.209,0.21,0.21,0.202,0.209,0.211,0.209,0.209,0.211,0.486,0.495,0.167,0.169,0.592,0.154,0.613,0.183,0.175,0.182,0.732,0.154,0.555,0.155
0.259,0.534,0.7,0.335,0.376,0.629,0.407,0.719,0,0.521,0.589,0.149,0.209,0.209,0.21,0.209,0.21,0.21,0.21,0.21,0.21,0.21,0.211,0.209,0.211,0.209,0.416,0.494,0.167,0.168,0.591,0.154,0.619,0.19,0.176,0.176,0.731,0.154,0.551,0.154
0.137,0.514,0.4,0.338,0.27,0.388,0.246,0.509,0.521,0,2.515,0.195,0.19,0.189,0.191,0.189,0.19,0.189,0.19,0.189,0.19,0.19,0.13,0.19,0.189,0.19,0.515,1.207,0.372,0.348,0.91,0.6,1.595,1.38,0.41,0.365,1.122,0.134,1.227,0.661
0.127,0.239,0.592,0.255,0.301,0.599,0.301,0.588,0.589,2.515,0,0.197,0.191,0.189,0.19,0.19,0.19,0.19,0.191,0.189,0.19,0.19,0.19,0.191,0.189,0.19,0.434,0.244,0.123,0.128,0.262,0.133,0.264,0.137,0.133,0.132,0.26,0.134,0.238,0.12
0.125,0.129,0.211,0.208,0.126,0.216,0.221,0.148,0.149,0.195,0.197,0,0.069,0.034,0.096,0.069,0.069,0.07,0.071,0.07,0.068,0.07,0.07,0.064,0.066,0.071,0.141,0.245,0.034,0.034,0.111,0.038,0.194,0.086,0.063,0.064,0.132,0.038,0.124,0.039
0.13,0.129,0.2,0.151,0.069,0.222,0.22,0.207,0.209,0.19,0.191,0.069,0,0.07,0.07,0.07,0.07,0.07,0.07,0.07,0.07,0.07,0.071,0.069,0.07,0.07,0.098,0.068,0.034,0.033,0.06,0.032,0.013,0.014,0.006,0.007,0.058,0.032,0.05,0.025
0.13,0.129,0.191,0.157,0.16,0.221,0.219,0.15,0.209,0.189,0.189,0.034,0.07,0,0.07,0.07,0.069,0.07,0.07,0.071,0.07,0.07,0.07,0.069,0.069,0.069,0.123,0.194,0.034,0.034,0.087,0.032,0.037,0.012,0.006,0.007,0.068,0.032,0.069,0.025
0.129,0.13,0.233,0.069,0.069,0.219,0.154,0.209,0.21,0.191,0.19,0.096,0.07,0.07,0,0.069,0.07,0.14,0.15,0.07,0.17,0.07,0.07,0.07,0.07,0.07,0.135,0.27,0.033,0.033,0.128,0.037,0.217,0.07,0.063,0.063,0.337,0.037,0.148,0.043
0.13,0.12,0.2,0.242,0.14,0.217,0.214,0.209,0.209,0.189,0.19,0.069,0.07,0.07,0.069,0,0.13,0.13,0.13,0.131,0.129,0.13,0.13,0.13,0.13,0.13,5.306,5.504,0.082,0.081,8.901,0.084,5.267,0.114,0.073,0.072,5.433,0.088,5.256,0.071
0.13,0.129,0.211,0.168,0.085,0.213,0.213,0.21,0.21,0.19,0.19,0.069,0.07,0.069,0.07,0.13,0,0.07,0.07,0.038,0.102,0.07,0.07,0.07,0.07,0.07,0.242,12.164,0.027,0.027,4.14,0.24,4.102,0.041,0.034,0.034,4.783,0.057,3.774,0.041
0.13,0.131,0.207,0.2,0.123,0.22,0.218,0.209,0.21,0.189,0.19,0.07,0.07,0.07,0.14,0.13,0.07,0,0.071,0.069,0.084,0.056,0.07,0.07,0.07,0.07,0.11,0.178,0.032,0.032,0.083,0.03,0.034,0.018,0.01,0.01,0.119,0.03,0.085,0.025
0.131,0.13,0.201,0.07,0.071,0.22,0.227,0.21,0.21,0.19,0.191,0.071,0.07,0.07,0.15,0.13,0.07,0.071,0,0.07,0.069,0.07,0.07,0.069,0.072,0.068,0.099,0.06,0.02,0.02,0.032,0.02,0.04,0.027,0.02,0.02,0.032,0.018,0.028,0.015
0.129,0.129,0.189,0.24,0.127,0.22,0.202,0.21,0.21,0.189,0.189,0.07,0.07,0.071,0.07,0.131,0.038,0.069,0.07,0,0.07,0.071,0.069,0.07,0.07,0.072,0.123,0.044,0.02,0.021,0.041,0.043,0.041,0.027,0.021,0.02,0.034,0.019,0.029,0.016
0.13,0.132,0.191,0.239,0.069,0.209,0.21,0.202,0.21,0.19,0.19,0.068,0.07,0.07,0.17,0.129,0.102,0.084,0.069,0.07,0,0.072,0.069,0.067,0.091,0.05,0.145,0.167,0.021,0.021,0.046,0.019,0.08,0.027,0.021,0.021,0.042,0.018,0.04,0.016
0.13,0.118,0.202,0.121,0.182,0.21,0.209,0.209,0.21,0.19,0.19,0.07,0.07,0.07,0.07,0.13,0.07,0.056,0.07,0.071,0.072,0,0.07,0.07,0.069,0.07,0.093,0.062,0.03,0.03,0.031,0.02,0.083,0.048,0.072,0.041,0.031,0.02,0.061,0.028
0.126,0.129,0.207,0.149,0.128,0.211,0.209,0.211,0.211,0.13,0.19,0.07,0.071,0.07,0.07,0.13,0.07,0.07,0.07,0.069,0.069,0.07,0,0.07,0.07,0.065,0.144,0.179,0.03,0.03,0.065,0.017,0.141,0.064,0.041,0.041,0.095,0.017,0.217,0.028
0.123,0.131,0.2,0.13,0.07,0.219,0.22,0.209,0.209,0.19,0.191,0.064,0.069,0.069,0.07,0.13,0.07,0.07,0.069,0.07,0.067,0.07,0.07,0,0.074,0.066,0.157,0.186,0.018,0.019,0.083,0.034,0.114,0.034,0.03,0.03,0.255,0.032,0.105,0.045
0.13,0.129,0.2,0.073,0.169,0.219,0.22,0.209,0.211,0.189,0.189,0.066,0.07,0.069,0.07,0.13,0.07,0.07,0.072,0.07,0.091,0.069,0.07,0.074,0,0.07,0.16,0.172,0.018,0.018,0.081,0.033,0.098,0.035,0.03,0.03,0.082,0.032,0.14,0.044
0.13,0.062,0.198,0.138,0.143,0.22,0.22,0.211,0.209,0.19,0.19,0.071,0.07,0.069,0.07,0.13,0.07,0.07,0.068,0.072,0.05,0.07,0.065,0.066,0.07,0,0.102,0.173,0.03,0.029,0.105,0.034,0.221,0.072,0.065,0.064,0.098,0.034,0.208,0.039
0.165,0.185,0.572,0.221,0.233,0.564,0.424,0.486,0.416,0.515,0.434,0.141,0.098,0.123,0.135,5.306,0.242,0.11,0.099,0.123,0.145,0.093,0.144,0.157,0.16,0.102,0,0.235,0.029,0.03,0.115,0.033,0.22,0.071,0.064,0.064,0.121,0.042,0.194,0.039
0.094,0.256,0.433,0.35,0.323,0.636,0.629,0.495,0.494,1.207,0.244,0.245,0.068,0.194,0.27,5.504,12.164,0.178,0.06,0.044,0.167,0.062,0.179,0.186,0.172,0.173,0.235,0,0.182,0.182,0.724,0.187,0.721,0.186,0.176,0.182,0.559,0.187,0.517,0.174
0.047,0.047,0.158,0.358,0.079,0.132,0.133,0.167,0.167,0.372,0.123,0.034,0.034,0.034,0.033,0.082,0.027,0.032,0.02,0.02,0.021,0.03,0.03,0.018,0.018,0.03,0.029,0.182,0,0.18,0.737,0.188,0.727,0.26,0.177,0.178,0.549,0.188,0.692,0.175
0.048,0.048,0.137,0.217,0.061,0.132,0.132,0.169,0.168,0.348,0.128,0.034,0.033,0.034,0.033,0.081,0.027,0.032,0.02,0.021,0.021,0.03,0.03,0.019,0.018,0.029,0.03,0.182,0.18,0,0.561,0.188,0.591,0.209,0.2,0.202,0.763,0.188,0.678,0.172
0.127,0.25,0.429,0.358,0.246,0.52,0.524,0.592,0.591,0.91,0.262,0.111,0.06,0.087,0.128,8.901,4.14,0.083,0.032,0.041,0.046,0.031,0.065,0.083,0.081,0.105,0.115,0.724,0.737,0.561,0,0.188,0.353,0.184,0.179,0.176,0.369,0.202,0.351,0.174
0.066,0.066,0.14,0.131,0.062,0.158,0.157,0.154,0.154,0.6,0.133,0.038,0.032,0.032,0.037,0.084,0.24,0.03,0.02,0.043,0.019,0.02,0.017,0.034,0.033,0.034,0.033,0.187,0.188,0.188,0.188,0,0.075,0.032,0.024,0.024,0.045,0.017,0.05,0.019
0.127,0.244,0.49,0.312,0.189,0.486,0.489,0.613,0.619,1.595,0.264,0.194,0.013,0.037,0.217,5.267,4.102,0.034,0.04,0.041,0.08,0.083,0.141,0.114,0.098,0.221,0.22,0.721,0.727,0.591,0.353,0.075,0,0.04,0.026,0.026,0.294,0.018,0.164,0.022
0.074,0.069,0.174,0.116,0.143,0.149,0.157,0.183,0.19,1.38,0.137,0.086,0.014,0.012,0.07,0.114,0.041,0.018,0.027,0.027,0.027,0.048,0.064,0.034,0.035,0.072,0.071,0.186,0.26,0.209,0.184,0.032,0.04,0,0.024,0.026,0.29,0.019,0.17,0.021
0.065,0.063,0.144,0.108,0.048,0.142,0.141,0.175,0.176,0.41,0.133,0.063,0.006,0.006,0.063,0.073,0.034,0.01,0.02,0.021,0.021,0.072,0.041,0.03,0.03,0.065,0.064,0.176,0.177,0.2,0.179,0.024,0.026,0.024,0,0.138,0.663,0.174,0.393,0.134
0.065,0.062,0.167,0.123,0.103,0.141,0.142,0.182,0.176,0.365,0.132,0.064,0.007,0.007,0.063,0.072,0.034,0.01,0.02,0.02,0.021,0.041,0.041,0.03,0.03,0.064,0.064,0.182,0.178,0.202,0.176,0.024,0.026,0.026,0.138,0,0.343,0.175,0.259,0.131
0.127,0.229,0.632,0.154,0.172,0.788,0.778,0.732,0.731,1.122,0.26,0.132,0.058,0.068,0.337,5.433,4.783,0.119,0.032,0.034,0.042,0.031,0.095,0.255,0.082,0.098,0.121,0.559,0.549,0.763,0.369,0.045,0.294,0.29,0.663,0.343,0,0.174,0.398,0.134
0.066,0.067,0.14,0.071,0.088,0.158,0.158,0.154,0.154,0.134,0.134,0.038,0.032,0.032,0.037,0.088,0.057,0.03,0.018,0.019,0.018,0.02,0.017,0.032,0.032,0.034,0.042,0.187,0.188,0.188,0.202,0.017,0.018,0.019,0.174,0.175,0.174,0,3.305,0.138
0.12,0.223,9.614,0.195,0.216,0.649,0.651,0.555,0.551,1.227,0.238,0.124,0.05,0.069,0.148,5.256,3.774,0.085,0.028,0.029,0.04,0.061,0.217,0.105,0.14,0.208,0.194,0.517,0.692,0.678,0.351,0.05,0.164,0.17,0.393,0.259,0.398,3.305,0,0.06
0.061,0.06,0.205,0.093,0.12,0.133,0.132,0.155,0.154,0.661,0.12,0.039,0.025,0.025,0.043,0.071,0.041,0.025,0.015,0.016,0.016,0.028,0.028,0.045,0.044,0.039,0.039,0.174,0.175,0.172,0.174,0.019,0.022,0.021,0.134,0.131,0.134,0.138,0.06,0
0.369,0.3,0.249,0.276,1.13,0.582,1.022,0.376,0.71,0.404,0.771,0.237,0.229,0.229,0.231,0.239,0.23,0.23,0.23,0.23,0.23,0.23,0.23,0.23,0.23,0.23,0.668,0.312,0.136,0.137,0.646,0.175,0.432,0.149,0.142,0.142,0.625,0.175,0.546,0.141
0.573,9.497,0.35,19.839,0.446,0.284,0.511,6.606,0.397,0.244,0.335,0.238,0.221,0.233,0.23,0.22,0.23,0.239,0.229,0.24,0.22,0.231,0.239,0.221,0.229,0.23,0.383,0.272,0.136,0.136,0.345,0.175,0.283,0.149,0.142,0.141,0.345,0.176,0.282,0.142
0.45,0.42,0.352,0.355,0.709,0.387,0.543,0.606,0.461,0.342,0.372,0.255,0.249,0.249,0.25,0.248,0.25,0.25,0.249,0.246,0.25,0.252,0.248,0.25,0.248,0.25,0.413,0.364,0.182,0.182,0.373,0.189,0.353,0.192,0.184,0.179,0.374,0.189,0.348,0.175
0.709,0.765,0.595,0.763,0.969,0.568,0.95,0.384,0.83,0.63,0.725,0.248,0.247,0.244,0.25,0.25,0.251,0.239,0.288,0.252,0.251,0.252,0.294,0.246,0.25,0.252,0.637,0.439,0.182,0.182,0.57,0.19,0.616,0.209,0.201,0.201,0.773,0.19,0.529,0.176
0.228,0.269,0.255,0.305,0.523,1.043,5.871,0.228,0.347,0.23,0.889,0.214,0.812,0.224,0.215,0.215,0.385,0.218,0.219,0.224,0.224,0.219,0.218,0.219,0.221,0.22,0.253,0.23,0.227,0.227,4.65,0.743,1.004,0.262,0.257,0.255,4.264,0.273,0.754,0.221
1.422,1.001,0.921,1.241,1.504,1.219,1.478,0.577,0.868,0.659,1.299,0.209,0.27,0.211,0.209,0.209,0.212,0.209,0.209,0.21,0.735,0.208,0.816,0.219,0.215,0.214,1.376,0.756,0.225,0.226,5.377,0.747,0.952,0.261,0.254,0.254,4.526,0.284,0.749,0.221
10.707,0.899,0.83,1.391,1.809,0.972,1.882,0.768,1.452,0.876,0.929,0.377,0.37,0.38,0.366,0.374,0.372,0.378,0.37,0.37,0.37,0.37,0.369,0.369,0.37,0.38,0.969,0.936,0.305,0.305,1.312,0.412,1.085,0.328,0.32,0.32,1.565,0.384,1.368,0.317
1.114,0.837,0.925,1.155,1.46,0.922,1.78,0.681,1.169,0.875,1.172,0.358,0.358,0.361,0.359,0.36,0.36,0.298,0.362,0.359,0.36,0.36,0.35,0.36,0.358,0.36,0.926,0.962,0.293,0.294,1.001,0.301,1.035,0.315,0.308,0.308,1.017,0.301,1.477,0.305
10.113,0.066,0.058,0.076,0.328,0.063,0.064,0.054,0.267,0.045,0.072,0.107,0.07,0.07,0.07,0.07,0.07,0.069,0.069,0.071,0.069,0.07,0.07,0.089,0.056,0.065,0.118,0.091,0.043,0.044,0.085,0.048,0.082,0.049,0.041,0.041,0.081,0.043,0.076,0.038
3.396,0.103,0.158,0.168,0.329,0.162,0.144,0.086,0.399,0.079,0.152,0.097,0.07,0.069,0.07,0.069,0.065,0.065,0.071,0.069,0.069,0.069,0.069,0.069,0.109,0.101,0.201,0.195,0.043,0.044,0.145,0.043,0.148,0.048,0.041,0.041,0.202,0.042,0.115,0.038
0.19,0.274,0.197,0.137,0.355,0.144,0.202,0.115,0.215,0.097,0.088,0.088,0.069,0.069,0.07,0.068,0.069,0.069,0.071,0.069,0.07,0.07,0.069,0.07,0.071,0.07,0.102,0.195,0.031,0.031,0.036,0.012,0.092,0.039,0.032,0.034,0.069,0.014,0.068,0.026
0.139,0.08,0.277,0.1,0.251,0.104,0.287,0.117,0.341,0.07,0.082,0.087,0.07,0.071,0.069,0.07,0.07,0.071,0.069,0.07,0.07,0.07,0.07,0.07,0.07,0.07,0.086,0.193,0.031,0.032,0.037,0.013,0.073,0.04,0.033,0.033,0.028,0.012,0.069,0.025
0.369,0.157,0.231,0.339,0.384,0.184,0.254,0.151,0.608,0.146,0.048,0.088,0.069,0.07,0.07,0.07,0.07,0.07,0.07,0.07,0.07,0.07,0.069,0.07,0.07,0.07,0.122,0.229,0.033,0.033,0.104,0.032,0.056,0.015,0.012,0.012,0.08,0.031,0.107,0.027
0.126,0.082,0.07,0.097,0.279,0.085,0.107,0.099,0.267,0.056,0.041,0.087,0.07,0.073,0.067,0.069,0.07,0.071,0.069,0.07,0.07,0.064,0.068,0.068,0.069,0.069,0.095,0.075,0.033,0.033,0.057,0.032,0.022,0.018,0.011,0.011,0.057,0.031,0.052,0.027
0.914,0.585,0.427,0.717,1.062,0.476,0.993,0.506,0.894,0.541,0.663,0.246,0.24,0.259,0.241,0.239,0.239,0.259,0.263,0.238,0.24,0.24,0.241,0.239,0.23,0.241,0.574,0.448,0.173,0.173,0.568,0.182,0.698,0.18,0.172,0.173,0.768,0.183,0.542,0.175
0.913,0.579,0.415,0.71,0.933,0.609,1.041,1.502,0.424,0.295,1.542,0.242,0.283,0.248,0.239,0.24,0.241,0.239,0.243,0.248,0.24,0.239,0.239,0.23,0.24,0.24,0.396,0.344,0.172,0.172,0.362,0.182,0.342,0.178,0.172,0.171,0.434,0.183,0.529,0.173
9.382,5.767,6.042,5.615,6.158,5.778,6.177,5.94,6.345,5.837,6.832,0.924,0.93,0.939,0.92,0.922,0.919,0.927,0.929,0.928,0.93,0.941,0.919,0.915,0.961,0.948,6.785,5.899,0.468,0.461,6.702,0.997,6.452,0.73,0.749,0.835,7.498,1.119,6.341,0.756
6.897,6.05,5.983,6.973,6.535,6.117,7.243,6.377,6.829,5.898,6.693,2.909,2.91,0.909,0.911,0.91,0.91,0.91,0.91,0.91,0.912,0.918,0.909,0.91,0.91,0.91,7.227,6.062,0.608,0.607,6.597,1.045,6.316,0.752,0.746,0.79,6.903,1.273,6.29,0.743
6.532,6.104,5.851,6.355,6.915,6.156,7.007,5.894,6.392,5.835,6.84,0.917,0.929,0.935,0.92,1.365,0.923,1.364,0.954,0.932,0.936,0.927,0.929,0.926,0.921,0.924,5.994,5.831,0.468,0.461,6.72,1.007,6.49,0.796,0.764,0.796,7.39,1.119,9.244,0.798
1.293,0.818,0.572,0.963,1.058,0.846,1.307,0.708,1.203,0.876,1.375,0.25,0.27,0.251,0.202,0.205,0.223,0.247,0.242,0.263,0.274,0.242,0.264,0.256,0.251,0.266,0.511,0.542,0.184,0.17,0.817,0.191,0.808,0.207,0.194,0.182,0.829,0.194,0.826,0.19
10.475,0.455,0.467,0.437,0.665,0.46,0.604,0.469,0.554,0.89,0.807,0.249,0.245,0.254,0.255,0.251,0.215,0.19,0.232,0.237,0.238,0.257,0.269,0.246,0.248,0.253,0.97,0.771,0.182,0.171,4.462,0.208,0.441,0.168,0.162,0.167,0.447,0.19,0.47,0.195
10.112,3.491,0.448,0.445,0.573,0.43,0.583,0.419,0.583,0.286,0.326,0.247,0.241,0.261,0.264,0.234,0.257,0.251,0.251,0.253,0.27,0.25,0.236,0.255,0.261,0.243,0.482,0.479,0.194,0.179,0.449,0.194,0.445,0.188,0.194,0.198,0.472,0.195,0.519,2.631
9.231,0.441,0.386,0.44,0.652,0.408,0.617,0.47,0.653,0.567,0.795,0.257,0.244,0.254,0.86,0.229,0.251,0.242,0.262,0.884,0.237,0.251,0.253,0.308,0.241,0.243,0.532,0.428,0.178,0.193,0.517,0.187,0.51,0.23,0.211,0.206,0.708,0.189,0.819,0.19
0.75,0.625,0.563,1.203,0.688,0.609,0.687,1.016,1.5,0.484,2.688,2.672,2.687,2.672,2.688,0.672,2.687,2.672,2.687,0.672,0.688,0.672,0.672,0.687,0.672,0.687,1.063,0.562,0.579,0.578,0.703,0.672,0.609,0.578,0.61,0.609,0.687,0.688,0.687,0.657
0.732,0.899,0.561,1.208,0.691,0.88,0.706,0.935,1.345,0.818,1.262,0.68,0.678,0.679,0.68,0.68,0.678,0.68,0.679,0.69,0.68,0.676,0.679,0.679,0.681,0.679,1.051,0.858,0.574,0.61,0.681,0.68,0.95,0.614,0.608,0.571,0.681,0.68,0.654,0.652
0.757,0.618,0.564,0.584,0.688,0.568,0.683,0.688,0.782,0.478,0.678,0.722,0.676,0.679,0.68,0.68,0.686,0.683,0.681,0.68,0.672,0.684,0.681,0.679,0.68,0.679,0.749,0.612,0.576,0.614,0.68,0.68,0.611,0.58,0.608,0.574,0.682,0.686,0.641,0.676
0.206,0.121,0.048,0.225,0.375,0.236,0.08,0.141,0.167,0.077,0.038,0.078,0.069,0.074,0.065,0.069,0.07,0.07,0.07,0.07,0.069,0.07,0.071,0.069,0.07,0.071,0.095,0.173,0.023,0.024,0.057,0.021,0.073,0.028,0.024,0.023,0.061,0.021,0.048,0.018
0.15,0.056,0.068,0.23,0.272,0.091,0.079,0.065,0.32,0.041,0.026,0.077,0.07,0.07,0.07,0.07,0.012,0.056,0.07,0.073,0.067,0.07,0.073,0.067,0.07,0.069,0.098,0.046,0.039,0.027,0.046,0.023,0.045,0.027,0.023,0.023,0.039,0.021,0.034,0.018
1.281,0.4,0.276,0.487,0.903,0.387,0.704,0.406,0.747,0.306,0.375,0.185,0.191,0.189,0.196,0.183,0.19,0.191,0.187,0.189,0.19,0.19,0.19,0.191,0.189,0.19,0.5,0.469,0.115,0.117,0.457,0.129,0.463,0.134,0.127,0.126,0.607,0.133,0.404,0.105
0.246,0.167,0.228,0.199,0.397,0.164,0.137,0.162,0.474,0.156,0.174,0.113,0.069,0.069,0.07,0.07,0.069,0.069,0.07,0.071,0.07,0.069,0.07,0.069,0.07,0.07,0.213,0.473,0.062,0.062,0.507,0.049,0.211,0.064,0.058,0.056,0.195,0.049,0.211,0.058
0.442,0.294,0.202,0.447,1,0.317,0.505,0.293,0.58,0.271,0.424,0.168,0.17,0.17,0.17,0.17,0.169,0.17,0.17,0.171,0.168,0.17,0.17,0.17,0.17,0.17,0.344,0.266,0.109,0.107,0.37,0.126,0.398,0.127,0.12,0.119,0.375,0.111,0.491,0.116
0.338,0.19,0.172,0.202,13.52,0.232,0.293,0.191,0.311,0.188,0.197,0.162,0.171,0.169,0.171,0.169,0.169,0.165,0.163,0.169,0.169,0.17,0.17,0.169,0.169,0.16,0.285,0.211,0.106,0.105,0.218,0.112,0.241,0.129,0.122,0.121,0.221,0.111,0.235,0.118
0.229,0.146,0.25,0.358,0.479,0.491,0.255,0.169,0.351,0.161,0.141,0.107,0.069,0.07,0.07,0.069,0.07,0.07,0.07,0.071,0.07,0.075,0.063,0.07,0.07,0.07,0.224,2.208,0.027,0.028,2.123,0.047,2.128,0.055,0.043,0.041,0.167,0.047,2.184,0.066
0.289,0.18,0.23,0.238,0.568,0.207,0.236,0.146,0.325,0.163,0.119,0.104,0.069,0.069,0.07,0.07,0.07,0.07,0.07,0.07,0.07,0.069,0.069,0.07,0.07,0.07,0.183,0.227,0.042,0.038,0.165,0.057,0.157,0.047,0.062,0.047,0.136,0.043,0.145,0.054
10.359,0.407,0.212,0.463,0.588,0.335,0.511,0.301,0.518,0.277,0.469,0.185,0.179,0.179,0.18,0.197,0.179,0.179,0.18,0.178,0.19,0.178,0.17,0.179,0.19,0.178,0.502,0.32,0.113,0.113,0.404,0.12,0.409,0.122,0.115,0.123,0.55,0.119,0.493,0.119
10.289,0.365,0.22,0.471,0.859,0.348,0.544,0.278,0.55,0.273,0.469,0.199,0.19,0.188,0.189,0.19,0.19,0.19,0.19,0.195,0.198,0.189,0.19,0.188,0.19,0.188,0.504,0.332,0.116,0.116,0.432,0.118,0.412,0.123,0.115,0.115,0.363,0.119,0.418,0.119
5.139,5.066,5.053,5.255,5.271,5.146,5.1,5.053,5.18,5.044,5.04,0.086,0.069,0.07,0.07,0.071,0.069,0.07,0.07,0.07,0.07,0.07,0.069,0.07,0.07,0.07,5.093,5.054,0.029,0.029,8.285,0.031,5.069,0.033,0.028,0.028,9.741,0.104,5.042,0.023
5.282,5.167,5.205,5.289,5.659,5.168,1,5.102,5.28,5.093,5.088,0.097,0.069,0.07,0.07,0.07,0.07,0.135,0.092,0.069,0.07,0.07,0.07,0.07,0.07,0.07,5.131,5.228,0.034,0.034,8.885,5.305,5.132,0.049,0.037,0.084,8.806,0.103,5.086,0.048
9.423,0.624,0.2,0.179,0.339,0.178,0.68,0.066,0.349,0.072,0.081,0.108,0.07,0.07,0.07,0.066,0.054,0.07,0.07,0.041,0.099,0.04,0.1,0.04,0.099,0.041,0.197,0.328,0.047,0.046,0.137,0.045,0.146,0.051,0.044,0.044,0.826,0.045,0.08,0.059
9.46,0.595,0.201,0.178,0.508,0.063,0.582,0.106,0.243,0.087,0.156,0.107,0.07,0.07,0.07,0.07,0.073,0.07,0.066,0.069,0.071,0.07,0.07,0.07,0.07,0.069,0.169,0.328,0.046,0.046,0.139,0.045,0.145,0.058,0.045,0.044,0.173,0.046,0.124,0.041
